1686095673.302771 0.000000000000000 0.000000000000000 0.000000000000000 0.000000000000000 0.000000000000000 0.000000000000000 0.000000000000000
1686095688.218453 0.513045519686236 -0.102836308945382 -0.008033916500846 0.000000000000000 0.000000000000000 0.000000000000000 0.000000000000000
1686095688.778409 1.018621954334112 -0.194745177751358 -0.006125812917469 0.000000000000000 0.000000000000000 0.000000000000000 0.000000000000000
1686095689.240939 1.526721998924112 -0.265523373750442 -0.003860574808253 0.000000000000000 0.000000000000000 0.000000000000000 0.000000000000000
1686095689.635932 2.027823187052708 -0.308451489861032 -0.000498138860903 0.000000000000000 0.000000000000000 0.000000000000000 0.000000000000000
1686095690.032181 2.558913488103079 -0.351523520582761 0.001663059727688 0.000000000000000 0.000000000000000 0.000000000000000 0.000000000000000
1686095690.395910 3.079246508424592 -0.375666152227221 0.005836197274401 0.000000000000000 0.000000000000000 0.000000000000000 0.000000000000000
1686095690.725919 3.591539448176320 -0.411397674925553 0.008155080263989 0.000000000000000 0.000000000000000 0.000000000000000 0.000000000000000
1686095691.055933 4.139305027162933 -0.411586739673696 0.009443248981126 0.000000000000000 0.000000000000000 0.000000000000000 0.000000000000000
1686095691.352159 4.647361484179537 -0.424219054791988 0.013384956228254 0.000000000000000 0.000000000000000 0.000000000000000 0.000000000000000
1686095691.650916 5.166995565177590 -0.436518269681148 0.017299387934188 0.000000000000000 0.000000000000000 0.000000000000000 0.000000000000000
1686095691.945933 5.686820586605410 -0.424971455292842 0.043632914102500 0.000000000000000 0.000000000000000 0.000000000000000 0.000000000000000
1686095692.244697 6.215883393745434 -0.400582979368496 0.098462779818556 0.000000000000000 0.000000000000000 0.000000000000000 0.000000000000000
1686095692.508429 6.704373454779173 -0.345204167662654 0.152077273170142 0.000000000000000 0.000000000000000 0.000000000000000 0.000000000000000
1686095692.772160 7.198381604489796 -0.255222474367248 0.224054697926520 0.000000000000000 0.000000000000000 0.000000000000000 0.000000000000000
1686095693.035949 7.694011813388645 -0.134024469574818 0.294075086794148 0.000000000000000 0.000000000000000 0.000000000000000 0.000000000000000
1686095693.300908 8.181187966616244 0.020901354111471 0.364338957552643 0.000000000000000 0.000000000000000 0.000000000000000 0.000000000000000
1686095693.564707 8.661349092754520 0.204026861972924 0.438202886072784 0.000000000000000 0.000000000000000 0.000000000000000 0.000000000000000
1686095693.828408 9.136996565518492 0.431977226071530 0.515159466330049 0.000000000000000 0.000000000000000 0.000000000000000 0.000000000000000
1686095694.092204 9.612347793999282 0.669614468364862 0.592986150130334 0.000000000000000 0.000000000000000 0.000000000000000 0.000000000000000
1686095694.322814 9.998288676653264 0.945041975706627 0.656627310286309 0.000000000000000 0.000000000000000 0.000000000000000 0.000000000000000
1686095694.554056 10.381712604604116 1.228337153777754 0.721345869592686 0.000000000000000 0.000000000000000 0.000000000000000 0.000000000000000
1686095694.784093 10.743791814141288 1.535078098876738 0.790100392847334 0.000000000000000 0.000000000000000 0.000000000000000 0.000000000000000
1686095695.016574 11.084575031518122 1.866323007335494 0.856557417432779 0.000000000000000 0.000000000000000 0.000000000000000 0.000000000000000
1686095695.246571 11.401343034907722 2.219513481105001 0.926600790052928 0.000000000000000 0.000000000000000 0.000000000000000 0.000000000000000
1686095695.510312 11.725752019523869 2.617500305032260 1.009350491691457 0.000000000000000 0.000000000000000 0.000000000000000 0.000000000000000
1686095695.774081 12.004543350814799 3.048433009247270 1.085481039953404 0.000000000000000 0.000000000000000 0.000000000000000 0.000000000000000
1686095696.039082 12.222539829950103 3.503020696648511 1.166600239396029 0.000000000000000 0.000000000000000 0.000000000000000 0.000000000000000
1686095696.302838 12.434796884270751 3.963418086179642 1.245064396907577 0.000000000000000 0.000000000000000 0.000000000000000 0.000000000000000
1686095696.566558 12.591323312724766 4.451173888842133 1.314553865599216 0.000000000000000 0.000000000000000 0.000000000000000 0.000000000000000
1686095696.830288 12.736528372730215 4.927207862381130 1.387017287180866 0.000000000000000 0.000000000000000 0.000000000000000 0.000000000000000
1686095697.094081 12.838431335585215 5.415826018261749 1.459495716204367 0.000000000000000 0.000000000000000 0.000000000000000 0.000000000000000
1686095697.359054 12.902295308764170 5.912979738026407 1.529960138465689 0.000000000000000 0.000000000000000 0.000000000000000 0.000000000000000
1686095697.622808 12.910924064444746 6.422469436164701 1.608746645037096 0.000000000000000 0.000000000000000 0.000000000000000 0.000000000000000
1686095697.886561 12.899958540786741 6.925192927122633 1.687558041466677 0.000000000000000 0.000000000000000 0.000000000000000 0.000000000000000
1686095698.150334 12.840156871223146 7.426343318798748 1.754422461213391 0.000000000000000 0.000000000000000 0.000000000000000 0.000000000000000
1686095698.414086 12.755977857690977 7.920180108921414 1.825392151842201 0.000000000000000 0.000000000000000 0.000000000000000 0.000000000000000
1686095698.677804 12.640344756702085 8.403232970354301 1.897925985449276 0.000000000000000 0.000000000000000 0.000000000000000 0.000000000000000
1686095698.942807 12.483430128956433 8.873715834235107 1.967156727598884 0.000000000000000 0.000000000000000 0.000000000000000 0.000000000000000
1686095699.206600 12.289526710759779 9.349797243123071 2.035895914271993 0.000000000000000 0.000000000000000 0.000000000000000 0.000000000000000
1686095699.470335 12.072010565587039 9.812441224463509 2.108083230716739 0.000000000000000 0.000000000000000 0.000000000000000 0.000000000000000
1686095699.734024 11.816274043743119 10.248584539206188 2.183988878603301 0.000000000000000 0.000000000000000 0.000000000000000 0.000000000000000
1686095699.997824 11.526008412792009 10.677514397979323 2.264712789415317 0.000000000000000 0.000000000000000 0.000000000000000 0.000000000000000
1686095700.262851 11.214282840492702 11.093669703246864 2.345459692613619 0.000000000000000 0.000000000000000 0.000000000000000 0.000000000000000
1686095700.526556 10.844272420695265 11.461106072726437 2.429392171820961 0.000000000000000 0.000000000000000 0.000000000000000 0.000000000000000
1686095700.790326 10.459349574764600 11.826718387490624 2.508752052700357 0.000000000000000 0.000000000000000 0.000000000000000 0.000000000000000
1686095701.054058 10.033029988111837 12.125469907679552 2.588294348255883 0.000000000000000 0.000000000000000 0.000000000000000 0.000000000000000
1686095701.317827 9.603723849380735 12.398108611311391 2.667322141654283 0.000000000000000 0.000000000000000 0.000000000000000 0.000000000000000
1686095701.582809 9.150658373556428 12.616835463351274 2.745523396910646 0.000000000000000 0.000000000000000 0.000000000000000 0.000000000000000
1686095701.846551 8.671367692645187 12.807151995911521 2.822966820030509 0.000000000000000 0.000000000000000 0.000000000000000 0.000000000000000
1686095702.110329 8.175872466693370 12.979744429494669 2.898043216022514 0.000000000000000 0.000000000000000 0.000000000000000 0.000000000000000
1686095702.374083 7.674395803099600 13.124096715126466 2.969835381737825 0.000000000000000 0.000000000000000 0.000000000000000 0.000000000000000
1686095702.639068 7.164224151246210 13.207570879315000 3.048342690794927 0.000000000000000 0.000000000000000 0.000000000000000 0.000000000000000
1686095702.904084 6.663769320628760 13.256906404195387 3.122794385862059 0.000000000000000 0.000000000000000 0.000000000000000 0.000000000000000
1686095703.166572 6.172269538430257 13.257573434417939 3.192804739372324 0.000000000000000 0.000000000000000 0.000000000000000 0.000000000000000
1686095703.430301 5.690816772501387 13.218287512586283 3.261809183407565 0.000000000000000 0.000000000000000 0.000000000000000 0.000000000000000
1686095703.694065 5.209482698925488 13.157601631403836 3.326608881079018 0.000000000000000 0.000000000000000 0.000000000000000 0.000000000000000
1686095703.957803 4.742336773913297 13.077595413236722 3.390666407387378 0.000000000000000 0.000000000000000 0.000000000000000 0.000000000000000
1686095704.256564 4.224990326490863 12.958865409958813 3.463102802449809 0.000000000000000 0.000000000000000 0.000000000000000 0.000000000000000
1686095704.552840 3.723714221687043 12.787456095707192 3.532573602734302 0.000000000000000 0.000000000000000 0.000000000000000 0.000000000000000
1686095704.816614 3.271695527992917 12.623064429592791 3.583931361149656 0.000000000000000 0.000000000000000 0.000000000000000 0.000000000000000
1686095705.082805 2.843276170747621 12.409863679925667 3.636950881027647 0.000000000000000 0.000000000000000 0.000000000000000 0.000000000000000
1686095705.377824 2.376675889478944 12.157464716650288 3.696632015750871 0.000000000000000 0.000000000000000 0.000000000000000 0.000000000000000
1686095705.674060 1.944660527862302 11.887970744500816 3.758905900813108 0.000000000000000 0.000000000000000 0.000000000000000 0.000000000000000
1686095705.972823 1.513744699174714 11.602005607224687 3.812407429454534 0.000000000000000 0.000000000000000 0.000000000000000 0.000000000000000
1686095706.267834 1.093659408486441 11.291047316266823 3.862740968988315 0.000000000000000 0.000000000000000 0.000000000000000 0.000000000000000
1686095706.566553 0.707992015725107 10.944952527951980 3.907604540621641 0.000000000000000 0.000000000000000 0.000000000000000 0.000000000000000
1686095706.862820 0.320535002951942 10.600344056001074 3.928200570898399 0.000000000000000 0.000000000000000 0.000000000000000 0.000000000000000
1686095707.160254 -0.072032936899776 10.245175102210716 3.950384120505316 0.000000000000000 0.000000000000000 0.000000000000000 0.000000000000000
1686095707.456553 -0.457601862971346 9.883231216780166 3.972574562035681 0.000000000000000 0.000000000000000 0.000000000000000 0.000000000000000
1686095707.754063 -0.832330948186184 9.519194549293106 3.999963442759674 0.000000000000000 0.000000000000000 0.000000000000000 0.000000000000000
1686095708.050309 -1.188433962995116 9.109978584186914 4.023166147857864 0.000000000000000 0.000000000000000 0.000000000000000 0.000000000000000
1686095708.347805 -1.555271980172493 8.696151620226066 4.044671863323980 0.000000000000000 0.000000000000000 0.000000000000000 0.000000000000000
1686095708.644055 -1.909337993933162 8.285584462445950 4.053081276759715 0.000000000000000 0.000000000000000 0.000000000000000 0.000000000000000
1686095708.942811 -2.244714817808409 7.855990230490910 4.032893052108804 0.000000000000000 0.000000000000000 0.000000000000000 0.000000000000000
1686095709.237804 -2.647375530474531 7.471819903769493 3.928362867035569 0.000000000000000 0.000000000000000 0.000000000000000 0.000000000000000
1686095709.536584 -3.083746897779189 7.121548629246564 3.814421406205431 0.000000000000000 0.000000000000000 0.000000000000000 0.000000000000000
1686095709.832806 -3.544336014472160 6.843050514666647 3.708791034174094 0.000000000000000 0.000000000000000 0.000000000000000 0.000000000000000
1686095710.130306 -4.037231874375888 6.592100755304679 3.597096132930262 0.000000000000000 0.000000000000000 0.000000000000000 0.000000000000000
1686095710.460304 -4.577758831709852 6.379549331653619 3.480409603189286 0.000000000000000 0.000000000000000 0.000000000000000 0.000000000000000
1686095710.790349 -5.116518015849104 6.266871200329969 3.363079802564453 0.000000000000000 0.000000000000000 0.000000000000000 0.000000000000000
1686095711.122824 -5.685989111368725 6.197410628279478 3.243221392265396 0.000000000000000 0.000000000000000 0.000000000000000 0.000000000000000
1686095711.450319 -6.253082974383643 6.187723556735051 3.126170256835541 0.000000000000000 0.000000000000000 0.000000000000000 0.000000000000000
1686095711.780326 -6.813851185886341 6.277871108241558 2.982504862755874 0.000000000000000 0.000000000000000 0.000000000000000 0.000000000000000
1686095712.110350 -7.333647187059915 6.450380595285017 2.837951230643863 0.000000000000000 0.000000000000000 0.000000000000000 0.000000000000000
1686095712.440303 -7.822941258524564 6.695511152450499 2.698457952234526 0.000000000000000 0.000000000000000 0.000000000000000 0.000000000000000
1686095712.770307 -8.273915045700365 6.980026268773902 2.561646916979212 0.000000000000000 0.000000000000000 0.000000000000000 0.000000000000000
1686095713.100288 -8.721323192797589 7.338240969601506 2.434550208251866 0.000000000000000 0.000000000000000 0.000000000000000 0.000000000000000
1686095713.430306 -9.110873168654061 7.743305385793598 2.323535637152328 0.000000000000000 0.000000000000000 0.000000000000000 0.000000000000000
1686095713.760308 -9.441793298527397 8.182528496555864 2.210281495554573 0.000000000000000 0.000000000000000 0.000000000000000 0.000000000000000
1686095714.056539 -9.739488833263383 8.618684470794431 2.125460487831135 0.000000000000000 0.000000000000000 0.000000000000000 0.000000000000000
1686095714.386564 -10.015292656428654 9.121018154361721 2.062728543970724 0.000000000000000 0.000000000000000 0.000000000000000 0.000000000000000
1686095714.684038 -10.265927019818426 9.570073693376230 2.029168163981748 0.000000000000000 0.000000000000000 0.000000000000000 0.000000000000000
1686095714.980300 -10.488904695693158 10.029784300033491 2.032764231666825 0.000000000000000 0.000000000000000 0.000000000000000 0.000000000000000
1686095715.277838 -10.703800332335664 10.496218351380662 2.034250369974244 0.000000000000000 0.000000000000000 0.000000000000000 0.000000000000000
1686095715.575306 -10.921987353277849 10.973571239855090 2.036942655429761 0.000000000000000 0.000000000000000 0.000000000000000 0.000000000000000
1686095715.872857 -11.154655621289187 11.446312941970227 2.041365638184421 0.000000000000000 0.000000000000000 0.000000000000000 0.000000000000000
1686095716.167793 -11.393888385127191 11.934940804581705 2.042071387482571 0.000000000000000 0.000000000000000 0.000000000000000 0.000000000000000
1686095716.466566 -11.646832861177952 12.432882148469165 2.026578706853297 0.000000000000000 0.000000000000000 0.000000000000000 0.000000000000000
1686095716.762794 -11.865817778815748 12.931597497594472 1.993794691828840 0.000000000000000 0.000000000000000 0.000000000000000 0.000000000000000
1686095717.060282 -12.072189463234201 13.406800349463110 1.962139063245382 0.000000000000000 0.000000000000000 0.000000000000000 0.000000000000000
1686095717.356542 -12.259558135188191 13.901934183736181 1.930964420236863 0.000000000000000 0.000000000000000 0.000000000000000 0.000000000000000
1686095717.654039 -12.454612679557655 14.412503000833093 1.900251848006716 0.000000000000000 0.000000000000000 0.000000000000000 0.000000000000000
1686095717.950304 -12.609652360223745 14.906984972751980 1.865998186236881 0.000000000000000 0.000000000000000 0.000000000000000 0.000000000000000
1686095718.280299 -12.749792921035452 15.456173399083944 1.821399612281553 0.000000000000000 0.000000000000000 0.000000000000000 0.000000000000000
1686095718.580288 -12.844224701770532 15.967273317457931 1.779493286136396 0.000000000000000 0.000000000000000 0.000000000000000 0.000000000000000
1686095718.907794 -12.929941060273901 16.523339626813193 1.737477433244371 0.000000000000000 0.000000000000000 0.000000000000000 0.000000000000000
1686095719.237787 -12.982651840804682 17.079345151893264 1.691814255338788 0.000000000000000 0.000000000000000 0.000000000000000 0.000000000000000
1686095719.534061 -13.042970217560178 17.604522201159057 1.655712387961985 0.000000000000000 0.000000000000000 0.000000000000000 0.000000000000000
1686095719.864033 -13.066124466776571 18.166198192126359 1.612588213078369 0.000000000000000 0.000000000000000 0.000000000000000 0.000000000000000
1686095720.194032 -13.048093365780673 18.707460654934629 1.568335818387143 0.000000000000000 0.000000000000000 0.000000000000000 0.000000000000000
1686095720.524047 -13.026682141650070 19.278534266296248 1.523848968457875 0.000000000000000 0.000000000000000 0.000000000000000 0.000000000000000
1686095720.821583 -12.992340383857076 19.797790904908130 1.481137647001331 0.000000000000000 0.000000000000000 0.000000000000000 0.000000000000000
1686095721.152807 -12.916479011370530 20.368182392793415 1.415131975581119 0.000000000000000 0.000000000000000 0.000000000000000 0.000000000000000
1686095721.447795 -12.811615181263811 20.881790310343845 1.342654811571639 0.000000000000000 0.000000000000000 0.000000000000000 0.000000000000000
1686095721.777813 -12.656590730721788 21.417978780753703 1.260503151972826 0.000000000000000 0.000000000000000 0.000000000000000 0.000000000000000
1686095722.109047 -12.468934064147778 21.937056428934426 1.181125396831179 0.000000000000000 0.000000000000000 0.000000000000000 0.000000000000000
1686095722.437808 -12.237123858895195 22.431087279078334 1.083026131293659 0.000000000000000 0.000000000000000 0.000000000000000 0.000000000000000
1686095722.767812 -11.955402984066694 22.907468573561093 0.982952439892161 0.000000000000000 0.000000000000000 0.000000000000000 0.000000000000000
1686095723.097784 -11.607773381638619 23.356810032232232 0.877084622346197 0.000000000000000 0.000000000000000 0.000000000000000 0.000000000000000
1686095723.427792 -11.220862174098636 23.762984721290156 0.770629865354397 0.000000000000000 0.000000000000000 0.000000000000000 0.000000000000000
1686095723.757790 -10.781564434098904 24.100687139483135 0.662263035854465 0.000000000000000 0.000000000000000 0.000000000000000 0.000000000000000
1686095724.089059 -10.298627316754070 24.416781870331942 0.553194178913215 0.000000000000000 0.000000000000000 0.000000000000000 0.000000000000000
1686095724.417811 -9.793283021205353 24.679402403643241 0.446570813473901 0.000000000000000 0.000000000000000 0.000000000000000 0.000000000000000
1686095724.747822 -9.283465855233649 24.889078564522585 0.337554126216464 0.000000000000000 0.000000000000000 0.000000000000000 0.000000000000000
1686095725.079090 -8.744886931746187 25.021785938802978 0.228353050406356 0.000000000000000 0.000000000000000 0.000000000000000 0.000000000000000
1686095725.407792 -8.197349766820738 25.107939303439228 0.119379760645761 0.000000000000000 0.000000000000000 0.000000000000000 0.000000000000000
1686095725.737786 -7.651716068719915 25.139530314839423 0.013563004096614 0.000000000000000 0.000000000000000 0.000000000000000 0.000000000000000
1686095726.067811 -7.073711634407609 25.109003958086451 -0.097071022428436 0.000000000000000 0.000000000000000 0.000000000000000 0.000000000000000
1686095726.397784 -6.518536533946282 25.025569509941910 -0.206382785643565 0.000000000000000 0.000000000000000 0.000000000000000 0.000000000000000
1686095726.727787 -6.002296997773809 24.876080359570697 -0.316253217293221 0.000000000000000 0.000000000000000 0.000000000000000 0.000000000000000
1686095727.057801 -5.481909632694964 24.662924976196830 -0.422647411417409 0.000000000000000 0.000000000000000 0.000000000000000 0.000000000000000
1686095727.387784 -4.990647470937038 24.392391999338052 -0.529444240040114 0.000000000000000 0.000000000000000 0.000000000000000 0.000000000000000
1686095727.717796 -4.532430633085196 24.085821573794448 -0.636346791051064 0.000000000000000 0.000000000000000 0.000000000000000 0.000000000000000
1686095728.047835 -4.101891958815032 23.740906277132424 -0.742586584947335 0.000000000000000 0.000000000000000 0.000000000000000 0.000000000000000
1686095728.377795 -3.704115632456566 23.345195415878390 -0.851994538462540 0.000000000000000 0.000000000000000 0.000000000000000 0.000000000000000
1686095728.707793 -3.357086800519442 22.914249203863058 -0.962215530315194 0.000000000000000 0.000000000000000 0.000000000000000 0.000000000000000
1686095729.037800 -3.061669935120543 22.449952020310921 -1.068622020300984 0.000000000000000 0.000000000000000 0.000000000000000 0.000000000000000
1686095729.367830 -2.820597148589130 21.963176039611682 -1.171571615572707 0.000000000000000 0.000000000000000 0.000000000000000 0.000000000000000
1686095729.697803 -2.622023612007724 21.436048990140197 -1.268227987981721 0.000000000000000 0.000000000000000 0.000000000000000 0.000000000000000
1686095730.027806 -2.432074415542886 20.896330067682509 -1.334942949307980 0.000000000000000 0.000000000000000 0.000000000000000 0.000000000000000
1686095730.357793 -2.304740362426864 20.339039632035437 -1.390544652883459 0.000000000000000 0.000000000000000 0.000000000000000 0.000000000000000
1686095730.656539 -2.196759621625088 19.825426037984375 -1.440070369360775 0.000000000000000 0.000000000000000 0.000000000000000 0.000000000000000
1686095730.952785 -2.121645598609208 19.314423865693595 -1.460715399881344 0.000000000000000 0.000000000000000 0.000000000000000 0.000000000000000
1686095731.250312 -2.013326549950135 18.822945323691950 -1.454959676210335 0.000000000000000 0.000000000000000 0.000000000000000 0.000000000000000
1686095731.546532 -1.962667854545447 18.313507508441962 -1.452531189900559 0.000000000000000 0.000000000000000 0.000000000000000 0.000000000000000
1686095731.844054 -1.869243114144670 17.787451443633458 -1.450881450242300 0.000000000000000 0.000000000000000 0.000000000000000 0.000000000000000
1686095732.140317 -1.814198553376054 17.267842040722361 -1.446739260485695 0.000000000000000 0.000000000000000 0.000000000000000 0.000000000000000
1686095732.437807 -1.744682838001560 16.746723208875490 -1.441131537321534 0.000000000000000 0.000000000000000 0.000000000000000 0.000000000000000
1686095732.734057 -1.666703913590592 16.232207670977338 -1.419807619338682 0.000000000000000 0.000000000000000 0.000000000000000 0.000000000000000
1686095733.031544 -1.547519811262337 15.722334371949563 -1.379930907362388 0.000000000000000 0.000000000000000 0.000000000000000 0.000000000000000
1686095733.327821 -1.418928598284761 15.213297918935144 -1.342019748907969 0.000000000000000 0.000000000000000 0.000000000000000 0.000000000000000
1686095733.626553 -1.284209528496024 14.700049373291373 -1.304850770018811 0.000000000000000 0.000000000000000 0.000000000000000 0.000000000000000
1686095733.922760 -1.144563135368832 14.191718292019985 -1.262072471089174 0.000000000000000 0.000000000000000 0.000000000000000 0.000000000000000
1686095734.219908 -0.969366085196767 13.696710846393975 -1.218414999160195 0.000000000000000 0.000000000000000 0.000000000000000 0.000000000000000
1686095734.517432 -0.792446514566796 13.198096993645716 -1.176461676077491 0.000000000000000 0.000000000000000 0.000000000000000 0.000000000000000
1686095734.846209 -0.582562688102534 12.756932859978232 -1.121993920412290 0.000000000000000 0.000000000000000 0.000000000000000 0.000000000000000
1686095736.166181 -0.239862031522051 12.378575556135969 -1.077643109146517 0.000000000000000 0.000000000000000 0.000000000000000 0.000000000000000
1686095736.529927 -0.042939068108231 11.886834940517533 -1.019256428568196 0.000000000000000 0.000000000000000 0.000000000000000 0.000000000000000
1686095736.826169 0.171448630633994 11.456492564443982 -0.962006463994072 0.000000000000000 0.000000000000000 0.000000000000000 0.000000000000000
1686095737.126171 0.435012810671305 11.010340650661821 -0.897464448641299 0.000000000000000 0.000000000000000 0.000000000000000 0.000000000000000
1686095737.387407 0.716752515171178 10.618384536262832 -0.835618334020765 0.000000000000000 0.000000000000000 0.000000000000000 0.000000000000000
1686095737.652406 1.035982372262100 10.238399544194522 -0.770168964975541 0.000000000000000 0.000000000000000 0.000000000000000 0.000000000000000
1686095737.916179 1.384140947893672 9.901250657538721 -0.699813051772797 0.000000000000000 0.000000000000000 0.000000000000000 0.000000000000000
1686095738.179929 1.761840698366630 9.604183114408595 -0.628750047509810 0.000000000000000 0.000000000000000 0.000000000000000 0.000000000000000
1686095738.443687 2.155219955613725 9.335066825220268 -0.557789713066487 0.000000000000000 0.000000000000000 0.000000000000000 0.000000000000000
1686095738.707406 2.570297559829224 9.100753707054789 -0.485946278757704 0.000000000000000 0.000000000000000 0.000000000000000 0.000000000000000
1686095738.972432 2.998350545078123 8.888789889827022 -0.415425126906460 0.000000000000000 0.000000000000000 0.000000000000000 0.000000000000000
1686095739.236183 3.444295258190250 8.716377492691961 -0.345062465898116 0.000000000000000 0.000000000000000 0.000000000000000 0.000000000000000
1686095739.499910 3.897837029576836 8.559965062495591 -0.272523628772194 0.000000000000000 0.000000000000000 0.000000000000000 0.000000000000000
1686095739.763691 4.370179654871793 8.437364459258461 -0.198635860642662 0.000000000000000 0.000000000000000 0.000000000000000 0.000000000000000
1686095740.059933 4.880573529746400 8.358543685036103 -0.120005844731786 0.000000000000000 0.000000000000000 0.000000000000000 0.000000000000000
1686095740.357452 5.397186639614504 8.320036508244630 -0.040530789095109 0.000000000000000 0.000000000000000 0.000000000000000 0.000000000000000
1686095740.653655 5.917623751254919 8.305038152228590 0.039105109553304 0.000000000000000 0.000000000000000 0.000000000000000 0.000000000000000
1686095740.952408 6.430830550032426 8.338215192815275 0.121895418233812 0.000000000000000 0.000000000000000 0.000000000000000 0.000000000000000
1686095741.248662 6.935473782156593 8.424418214043683 0.209766976489588 0.000000000000000 0.000000000000000 0.000000000000000 0.000000000000000
1686095741.546178 7.411535862599013 8.551735641188765 0.294991802325492 0.000000000000000 0.000000000000000 0.000000000000000 0.000000000000000
1686095741.842413 7.866818728780254 8.716280390815427 0.378911270363809 0.000000000000000 0.000000000000000 0.000000000000000 0.000000000000000
1686095742.139906 8.326536966518699 8.909411251176627 0.461412987242324 0.000000000000000 0.000000000000000 0.000000000000000 0.000000000000000
1686095742.437430 8.766483722180766 9.136724578970597 0.542601428196364 0.000000000000000 0.000000000000000 0.000000000000000 0.000000000000000
1686095742.733673 9.182708461033316 9.403840083014616 0.623882749284780 0.000000000000000 0.000000000000000 0.000000000000000 0.000000000000000
1686095743.029949 9.597512258074998 9.719921218833541 0.710046135197043 0.000000000000000 0.000000000000000 0.000000000000000 0.000000000000000
1686095743.294912 9.959542693877326 10.028380737878319 0.789348624881076 0.000000000000000 0.000000000000000 0.000000000000000 0.000000000000000
1686095743.558661 10.287123370269683 10.362363468199028 0.867224920073010 0.000000000000000 0.000000000000000 0.000000000000000 0.000000000000000
1686095743.822443 10.577878536709440 10.734204850751027 0.943800705669973 0.000000000000000 0.000000000000000 0.000000000000000 0.000000000000000
1686095744.086179 10.850181791850432 11.134303391241808 1.011183137661990 0.000000000000000 0.000000000000000 0.000000000000000 0.000000000000000
1686095744.349903 11.095843708644189 11.558606843732587 1.080039559744568 0.000000000000000 0.000000000000000 0.000000000000000 0.000000000000000
1686095744.613859 11.338711664689638 11.985369830038662 1.146325772550717 0.000000000000000 0.000000000000000 0.000000000000000 0.000000000000000
1686095744.878654 11.528177579646195 12.428440083367594 1.217106752113631 0.000000000000000 0.000000000000000 0.000000000000000 0.000000000000000
1686095745.142433 11.680733504804861 12.876095314800988 1.290130341675165 0.000000000000000 0.000000000000000 0.000000000000000 0.000000000000000
1686095745.439911 11.794838505454511 13.384166917273660 1.376648652725680 0.000000000000000 0.000000000000000 0.000000000000000 0.000000000000000
1686095745.704958 11.855843813101357 13.845874998697170 1.458740454763572 0.000000000000000 0.000000000000000 0.000000000000000 0.000000000000000
1686095745.967403 11.886308264656222 14.320252567120676 1.535756790049649 0.000000000000000 0.000000000000000 0.000000000000000 0.000000000000000
1686095746.232410 11.892581235375772 14.799747104321129 1.615970751624460 0.000000000000000 0.000000000000000 0.000000000000000 0.000000000000000
1686095746.496197 11.859906138495322 15.284309157457901 1.693027157710761 0.000000000000000 0.000000000000000 0.000000000000000 0.000000000000000
1686095746.759874 11.810428775059489 15.768544150833687 1.765821540108828 0.000000000000000 0.000000000000000 0.000000000000000 0.000000000000000
1686095747.023604 11.685597561597136 16.240649484975222 1.844256223326486 0.000000000000000 0.000000000000000 0.000000000000000 0.000000000000000
1686095747.287385 11.548775548715195 16.703413105080525 1.917776776817625 0.000000000000000 0.000000000000000 0.000000000000000 0.000000000000000
1686095747.552351 11.350972894000790 17.140890839887987 1.990337641809815 0.000000000000000 0.000000000000000 0.000000000000000 0.000000000000000
1686095747.816129 11.135932044900567 17.577491919166008 2.062861866662035 0.000000000000000 0.000000000000000 0.000000000000000 0.000000000000000
1686095748.081102 10.891958438964078 17.995435604809892 2.133393986828723 0.000000000000000 0.000000000000000 0.000000000000000 0.000000000000000
1686095748.343615 10.617667341311519 18.393992471841727 2.205034152486974 0.000000000000000 0.000000000000000 0.000000000000000 0.000000000000000
1686095748.639856 10.302840972483862 18.817152310290801 2.283869703502511 0.000000000000000 0.000000000000000 0.000000000000000 0.000000000000000
1686095748.937389 9.948453762027199 19.199118570089940 2.361329326553792 0.000000000000000 0.000000000000000 0.000000000000000 0.000000000000000
1686095749.234621 9.563216412132206 19.535216121190686 2.445829896488770 0.000000000000000 0.000000000000000 0.000000000000000 0.000000000000000
1686095749.498389 9.178147528289113 19.821154919825855 2.545084789178301 0.000000000000000 0.000000000000000 0.000000000000000 0.000000000000000
1686095749.762114 8.753759166938803 20.077508424967860 2.638478545196938 0.000000000000000 0.000000000000000 0.000000000000000 0.000000000000000
1686095750.025892 8.332399347841994 20.286322994597477 2.729277492230032 0.000000000000000 0.000000000000000 0.000000000000000 0.000000000000000
1686095750.289664 7.899125875636649 20.468794772812622 2.816559280033126 0.000000000000000 0.000000000000000 0.000000000000000 0.000000000000000
1686095750.554574 7.437523572279646 20.602457818662074 2.906121724285729 0.000000000000000 0.000000000000000 0.000000000000000 0.000000000000000
1686095750.818023 6.965117684595534 20.699503946747221 2.995841996719697 0.000000000000000 0.000000000000000 0.000000000000000 0.000000000000000
1686095751.083042 6.490263660862788 20.757487799778175 3.083897285149613 0.000000000000000 0.000000000000000 0.000000000000000 0.000000000000000
1686095751.346205 6.011879310931993 20.765492398215322 3.175500645832975 0.000000000000000 0.000000000000000 0.000000000000000 0.000000000000000
1686095751.609977 5.540613281429715 20.719016280191191 3.268364854613913 0.000000000000000 0.000000000000000 0.000000000000000 0.000000000000000
1686095751.873676 5.079622827011988 20.643865248845664 3.356455387796507 0.000000000000000 0.000000000000000 0.000000000000000 0.000000000000000
1686095752.138697 4.629846633386535 20.522493348568801 3.445598380075894 0.000000000000000 0.000000000000000 0.000000000000000 0.000000000000000
1686095752.402424 4.186536724840613 20.369414285880758 3.533858403184535 0.000000000000000 0.000000000000000 0.000000000000000 0.000000000000000
1686095752.699952 3.706614111918086 20.165684254431330 3.625398144247466 0.000000000000000 0.000000000000000 0.000000000000000 0.000000000000000
1686095752.963698 3.307727947659745 19.919423066129724 3.703872751257228 0.000000000000000 0.000000000000000 0.000000000000000 0.000000000000000
1686095753.227419 2.909090546833537 19.667780662135371 3.789826422575870 0.000000000000000 0.000000000000000 0.000000000000000 0.000000000000000
1686095753.492437 2.557995182398761 19.368305781329408 3.880094173161105 0.000000000000000 0.000000000000000 0.000000000000000 0.000000000000000
1686095753.788678 2.189447667234835 19.008467229705154 3.981356926397603 0.000000000000000 0.000000000000000 0.000000000000000 0.000000000000000
1686095754.052453 1.892970513662091 18.637638368298774 4.068381520815181 0.000000000000000 0.000000000000000 0.000000000000000 0.000000000000000
1686095754.316185 1.633786947193183 18.247064457261963 4.149040407098986 0.000000000000000 0.000000000000000 0.000000000000000 0.000000000000000
1686095754.613680 1.387117414160608 17.803164726936604 4.233234985977528 0.000000000000000 0.000000000000000 0.000000000000000 0.000000000000000
1686095754.909956 1.179162843774107 17.353679256401161 4.313466953730963 0.000000000000000 0.000000000000000 0.000000000000000 0.000000000000000
1686095755.207452 0.972130869074581 16.877063577447192 4.368628029972081 0.000000000000000 0.000000000000000 0.000000000000000 0.000000000000000
1686095755.503680 0.793030197285319 16.383702557213553 4.392614463493490 0.000000000000000 0.000000000000000 0.000000000000000 0.000000000000000
1686095755.802488 0.621902083079900 15.883839795379457 4.408312443243230 0.000000000000000 0.000000000000000 0.000000000000000 0.000000000000000
1686095756.098675 0.463089134064321 15.390409956247803 4.432895174230810 0.000000000000000 0.000000000000000 0.000000000000000 0.000000000000000
1686095756.396205 0.309848867105942 14.894939682896508 4.433593111418510 0.000000000000000 0.000000000000000 0.000000000000000 0.000000000000000
1686095756.692421 0.169057104669691 14.384767518572204 4.435354947462645 0.000000000000000 0.000000000000000 0.000000000000000 0.000000000000000
1686095756.989972 0.017585295799185 13.876149380324572 4.438341010190123 0.000000000000000 0.000000000000000 0.000000000000000 0.000000000000000
1686095757.286185 -0.150754419518365 13.368389065050554 4.415987963241039 0.000000000000000 0.000000000000000 0.000000000000000 0.000000000000000
1686095757.583673 -0.330370534410151 12.880430419139508 4.354599131623328 0.000000000000000 0.000000000000000 0.000000000000000 0.000000000000000
1686095757.879925 -0.537351708480931 12.399210003787985 4.298369110461240 0.000000000000000 0.000000000000000 0.000000000000000 0.000000000000000
1686095758.177402 -0.767164608694823 11.925429843417755 4.245671053255089 0.000000000000000 0.000000000000000 0.000000000000000 0.000000000000000
1686095758.473702 -1.006832231918319 11.451798568394061 4.193680529835934 0.000000000000000 0.000000000000000 0.000000000000000 0.000000000000000
1686095758.772455 -1.283508170856480 10.994518025884144 4.139801637403818 0.000000000000000 0.000000000000000 0.000000000000000 0.000000000000000
1686095759.068127 -1.576332722501594 10.547378200648069 4.085952955323367 0.000000000000000 0.000000000000000 0.000000000000000 0.000000000000000
1686095759.365649 -1.908514003879048 10.117552286549380 4.030170275051621 0.000000000000000 0.000000000000000 0.000000000000000 0.000000000000000
1686095759.661933 -2.272349259634074 9.708378650331332 3.973268901033554 0.000000000000000 0.000000000000000 0.000000000000000 0.000000000000000
1686095759.959842 -2.639618679041345 9.306973530050412 3.918711862018156 0.000000000000000 0.000000000000000 0.000000000000000 0.000000000000000
1686095760.289868 -3.073673717384682 8.931208365638533 3.854576768494556 0.000000000000000 0.000000000000000 0.000000000000000 0.000000000000000
1686095760.586056 -3.506899583047245 8.582212857691356 3.784309283192326 0.000000000000000 0.000000000000000 0.000000000000000 0.000000000000000
1686095760.883617 -3.970889982346470 8.266860611236737 3.700743947380943 0.000000000000000 0.000000000000000 0.000000000000000 0.000000000000000
1686095761.179849 -4.442888457573917 7.998717269603470 3.602825134664680 0.000000000000000 0.000000000000000 0.000000000000000 0.000000000000000
1686095761.477344 -4.960738705969185 7.786091521578672 3.479098572892511 0.000000000000000 0.000000000000000 0.000000000000000 0.000000000000000
1686095761.773588 -5.517319236486118 7.650852489509076 3.347076034873804 0.000000000000000 0.000000000000000 0.000000000000000 0.000000000000000
1686095762.103596 -6.102025964912883 7.581387304818097 3.203261721332236 0.000000000000000 0.000000000000000 0.000000000000000 0.000000000000000
1686095762.433613 -6.674479979185567 7.588400670632096 3.060046814348327 0.000000000000000 0.000000000000000 0.000000000000000 0.000000000000000
1686095762.764095 -7.227137575431366 7.658018559209987 2.909770259164684 0.000000000000000 0.000000000000000 0.000000000000000 0.000000000000000
1686095763.094108 -7.742797906513389 7.861910598204222 2.761186463088205 0.000000000000000 0.000000000000000 0.000000000000000 0.000000000000000
1686095763.424090 -8.239636950022112 8.128888617360039 2.611725206666689 0.000000000000000 0.000000000000000 0.000000000000000 0.000000000000000
1686095763.754091 -8.696485469033973 8.456751604778457 2.476466333640169 0.000000000000000 0.000000000000000 0.000000000000000 0.000000000000000
1686095764.084070 -9.125927980332271 8.821092927799143 2.382933840187882 0.000000000000000 0.000000000000000 0.000000000000000 0.000000000000000
1686095764.414319 -9.540348933817356 9.195284079466241 2.326577984814279 0.000000000000000 0.000000000000000 0.000000000000000 0.000000000000000
1686095764.744314 -9.911621897891013 9.604522280958987 2.251306120731694 0.000000000000000 0.000000000000000 0.000000000000000 0.000000000000000
1686095765.075540 -10.287510866787173 10.047247557703184 2.181864805760407 0.000000000000000 0.000000000000000 0.000000000000000 0.000000000000000
1686095765.371803 -10.585957904192426 10.481619697298765 2.125808552868594 0.000000000000000 0.000000000000000 0.000000000000000 0.000000000000000
1686095765.668036 -10.863912254314808 10.928119605848075 2.066185172333412 0.000000000000000 0.000000000000000 0.000000000000000 0.000000000000000
1686095765.965587 -11.123373807699378 11.396497365259064 2.007934467706298 0.000000000000000 0.000000000000000 0.000000000000000 0.000000000000000
1686095766.261783 -11.342058006496456 11.894619658687372 1.950694643559206 0.000000000000000 0.000000000000000 0.000000000000000 0.000000000000000
1686095766.559286 -11.548490984940436 12.390448402855441 1.913030577353679 0.000000000000000 0.000000000000000 0.000000000000000 0.000000000000000
1686095766.855547 -11.726170710965636 12.884959504255903 1.877633915599031 0.000000000000000 0.000000000000000 0.000000000000000 0.000000000000000
1686095767.153284 -11.888694188133915 13.386294233631146 1.835149440331139 0.000000000000000 0.000000000000000 0.000000000000000 0.000000000000000
1686095767.449547 -12.041810960638266 13.890190147749239 1.793277804709554 0.000000000000000 0.000000000000000 0.000000000000000 0.000000000000000
1686095767.748312 -12.181203511740081 14.388684178935291 1.775915231414715 0.000000000000000 0.000000000000000 0.000000000000000 0.000000000000000
1686095768.044594 -12.308961341381476 14.911393116991931 1.773339588351158 0.000000000000000 0.000000000000000 0.000000000000000 0.000000000000000
1686095768.342048 -12.438805591940984 15.436938659700688 1.776107233344521 0.000000000000000 0.000000000000000 0.000000000000000 0.000000000000000
1686095768.638397 -12.555550069943884 15.946015365708419 1.754234761139042 0.000000000000000 0.000000000000000 0.000000000000000 0.000000000000000
1686095768.935833 -12.656409620876127 16.456520636270614 1.702351535145481 0.000000000000000 0.000000000000000 0.000000000000000 0.000000000000000
1686095769.232051 -12.715881455608081 16.977522728327351 1.645777668955802 0.000000000000000 0.000000000000000 0.000000000000000 0.000000000000000
1686095769.529619 -12.757631297618108 17.524680436580287 1.591946986208733 0.000000000000000 0.000000000000000 0.000000000000000 0.000000000000000
1686095769.827054 -12.758896575683593 18.056751567778868 1.539317073590976 0.000000000000000 0.000000000000000 0.000000000000000 0.000000000000000
1686095770.155801 -12.728904288975524 18.630913483541143 1.477329466676643 0.000000000000000 0.000000000000000 0.000000000000000 0.000000000000000
1686095770.453386 -12.675855304522944 19.156661467213134 1.420140310835378 0.000000000000000 0.000000000000000 0.000000000000000 0.000000000000000
1686095770.749557 -12.589380632830476 19.674423024076130 1.356394453555024 0.000000000000000 0.000000000000000 0.000000000000000 0.000000000000000
1686095771.080802 -12.464085367780214 20.243455350485288 1.257301556746174 0.000000000000000 0.000000000000000 0.000000000000000 0.000000000000000
1686095771.378325 -12.296270213456939 20.747659839958498 1.170017421780128 0.000000000000000 0.000000000000000 0.000000000000000 0.000000000000000
1686095771.673895 -12.060553302647318 21.229024140033648 1.079441488686030 0.000000000000000 0.000000000000000 0.000000000000000 0.000000000000000
1686095772.003917 -11.779575345545201 21.732604535627910 0.981801853935753 0.000000000000000 0.000000000000000 0.000000000000000 0.000000000000000
1686095772.333870 -11.456034819152286 22.197351093039870 0.882720704235446 0.000000000000000 0.000000000000000 0.000000000000000 0.000000000000000
1686095772.663869 -11.069956538952784 22.615244251352486 0.775485586844736 0.000000000000000 0.000000000000000 0.000000000000000 0.000000000000000
1686095772.993870 -10.656375314178959 23.004220130467949 0.669835712461612 0.000000000000000 0.000000000000000 0.000000000000000 0.000000000000000
1686095773.323873 -10.210288080167729 23.338349937854652 0.563737310414128 0.000000000000000 0.000000000000000 0.000000000000000 0.000000000000000
1686095773.653904 -9.715028866977452 23.644448751117547 0.454181747842467 0.000000000000000 0.000000000000000 0.000000000000000 0.000000000000000
1686095773.983876 -9.187073632346179 23.892640539367054 0.342284004613520 0.000000000000000 0.000000000000000 0.000000000000000 0.000000000000000
1686095774.313902 -8.639260458755579 24.088043799520047 0.227655217388088 0.000000000000000 0.000000000000000 0.000000000000000 0.000000000000000
1686095774.643885 -8.079447021743530 24.199086421642441 0.115194004626198 0.000000000000000 0.000000000000000 0.000000000000000 0.000000000000000
1686095774.973861 -7.506664269637460 24.255063140735174 -0.002668657575407 0.000000000000000 0.000000000000000 0.000000000000000 0.000000000000000
1686095775.304065 -6.946034296160793 24.228133681578043 -0.116286299935321 0.000000000000000 0.000000000000000 0.000000000000000 0.000000000000000
1686095775.634075 -6.386283046067277 24.129490924320010 -0.229589666415377 0.000000000000000 0.000000000000000 0.000000000000000 0.000000000000000
1686095775.964044 -5.836647465304438 23.968549917265619 -0.346620532474767 0.000000000000000 0.000000000000000 0.000000000000000 0.000000000000000
1686095776.294051 -5.306782618737449 23.766108762895286 -0.460537986989827 0.000000000000000 0.000000000000000 0.000000000000000 0.000000000000000
1686095776.624054 -4.803825274529978 23.523564040462254 -0.578213599420777 0.000000000000000 0.000000000000000 0.000000000000000 0.000000000000000
1686095776.954064 -4.332271731300040 23.208904688747243 -0.694433063578104 0.000000000000000 0.000000000000000 0.000000000000000 0.000000000000000
1686095777.284115 -3.897145694705571 22.846452014270334 -0.808773483367985 0.000000000000000 0.000000000000000 0.000000000000000 0.000000000000000
1686095777.614057 -3.502895430909367 22.441510667537457 -0.923133752793400 0.000000000000000 0.000000000000000 0.000000000000000 0.000000000000000
1686095777.944069 -3.181000254089843 21.975401543033083 -1.038586319292770 0.000000000000000 0.000000000000000 0.000000000000000 0.000000000000000
1686095778.274058 -2.903639871581603 21.482794826071288 -1.135821854280835 0.000000000000000 0.000000000000000 0.000000000000000 0.000000000000000
1686095778.604047 -2.644258356196298 20.971345620220255 -1.202117903775885 0.000000000000000 0.000000000000000 0.000000000000000 0.000000000000000
1686095778.901555 -2.430937898854278 20.485584538118992 -1.264080458895264 0.000000000000000 0.000000000000000 0.000000000000000 0.000000000000000
1686095779.197769 -2.270865545886989 19.974637881858389 -1.335425060644730 0.000000000000000 0.000000000000000 0.000000000000000 0.000000000000000
1686095779.527807 -2.107353410117149 19.413200556638113 -1.426397926783463 0.000000000000000 0.000000000000000 0.000000000000000 0.000000000000000
1686095779.858279 -1.989118671071712 18.862803896052981 -1.501477152235659 0.000000000000000 0.000000000000000 0.000000000000000 0.000000000000000
1686095780.187818 -1.951071565282446 18.300927315119264 -1.563068587575947 0.000000000000000 0.000000000000000 0.000000000000000 0.000000000000000
1686095780.485321 -1.895716410166123 17.787879179013419 -1.578584874636241 0.000000000000000 0.000000000000000 0.000000000000000 0.000000000000000
1686095780.781528 -1.855759260401709 17.275712874541288 -1.572155310588883 0.000000000000000 0.000000000000000 0.000000000000000 0.000000000000000
1686095781.080286 -1.810164227221229 16.771233713979722 -1.568255700417537 0.000000000000000 0.000000000000000 0.000000000000000 0.000000000000000
1686095781.376533 -1.770334160486957 16.258255090139333 -1.567420212354621 0.000000000000000 0.000000000000000 0.000000000000000 0.000000000000000
1686095781.674072 -1.740920257043390 15.743339597834687 -1.564354537023122 0.000000000000000 0.000000000000000 0.000000000000000 0.000000000000000
1686095781.970292 -1.708042809522337 15.223489367841990 -1.558578884862549 0.000000000000000 0.000000000000000 0.000000000000000 0.000000000000000
1686095782.267815 -1.686493885783243 14.685595898649288 -1.540844550509898 0.000000000000000 0.000000000000000 0.000000000000000 0.000000000000000
1686095782.564056 -1.628977863545578 14.174922115935049 -1.518892608601471 0.000000000000000 0.000000000000000 0.000000000000000 0.000000000000000
1686095782.861536 -1.578493914611171 13.667090337967064 -1.495014462747282 0.000000000000000 0.000000000000000 0.000000000000000 0.000000000000000
1686095783.157766 -1.503658310662491 13.149411048096672 -1.459833571631970 0.000000000000000 0.000000000000000 0.000000000000000 0.000000000000000
1686095783.421564 -1.406530981816813 12.688279235261472 -1.402256087477067 0.000000000000000 0.000000000000000 0.000000000000000 0.000000000000000
1686095783.685299 -1.293899407615159 12.228460846324561 -1.346516621698232 0.000000000000000 0.000000000000000 0.000000000000000 0.000000000000000
1686095783.983889 -1.152767677319779 11.721409240440586 -1.282198615586304 0.000000000000000 0.000000000000000 0.000000000000000 0.000000000000000
1686095784.247647 -0.976192711452998 11.278984829059508 -1.216913664540217 0.000000000000000 0.000000000000000 0.000000000000000 0.000000000000000
1686095784.511408 -0.788147561708603 10.819083266146579 -1.149598957973210 0.000000000000000 0.000000000000000 0.000000000000000 0.000000000000000
1686095784.775135 -0.541971015158128 10.379360897875273 -1.081702132614967 0.000000000000000 0.000000000000000 0.000000000000000 0.000000000000000
1686095785.040142 -0.314198982399675 9.960736629504289 -1.019854628343324 0.000000000000000 0.000000000000000 0.000000000000000 0.000000000000000
1686095785.303887 -0.034766967703303 9.558819093020182 -0.956845481294829 0.000000000000000 0.000000000000000 0.000000000000000 0.000000000000000
1686095785.567646 0.255746872663853 9.166314729641444 -0.889734553788249 0.000000000000000 0.000000000000000 0.000000000000000 0.000000000000000
1686095785.831424 0.569990348153338 8.794816451264998 -0.822578319167539 0.000000000000000 0.000000000000000 0.000000000000000 0.000000000000000
1686095786.095164 0.924659642163499 8.456923749219261 -0.760276606010007 0.000000000000000 0.000000000000000 0.000000000000000 0.000000000000000
1686095786.360168 1.293663236802372 8.139276153913237 -0.698578253661654 0.000000000000000 0.000000000000000 0.000000000000000 0.000000000000000
1686095786.626390 1.683897016890485 7.852413241646215 -0.638716212548636 0.000000000000000 0.000000000000000 0.000000000000000 0.000000000000000
1686095786.887642 2.095422697031567 7.588320376566042 -0.578220638495812 0.000000000000000 0.000000000000000 0.000000000000000 0.000000000000000
1686095787.152291 2.517756254260673 7.356982660771921 -0.508755968239709 0.000000000000000 0.000000000000000 0.000000000000000 0.000000000000000
1686095787.417949 2.956487825153321 7.153782883537518 -0.437341586236504 0.000000000000000 0.000000000000000 0.000000000000000 0.000000000000000
1686095787.679806 3.404203702975556 6.982124110754219 -0.360340771552210 0.000000000000000 0.000000000000000 0.000000000000000 0.000000000000000
1686095788.107796 3.885262393024821 6.891959142637569 -0.267721266126601 0.000000000000000 0.000000000000000 0.000000000000000 0.000000000000000
1686095788.471573 4.379897310050227 6.824140077111355 -0.178221779446618 0.000000000000000 0.000000000000000 0.000000000000000 0.000000000000000
1686095788.767813 4.833751826151241 6.803599053200418 -0.089460138118499 0.000000000000000 0.000000000000000 0.000000000000000 0.000000000000000
1686095789.097794 5.329014285185659 6.783837420064367 0.020794868230474 0.000000000000000 0.000000000000000 0.000000000000000 0.000000000000000
1686095789.395310 5.787181234495627 6.820767495520023 0.118975904438655 0.000000000000000 0.000000000000000 0.000000000000000 0.000000000000000
1686095789.691587 6.243815228156356 6.919231388692483 0.222777009428599 0.000000000000000 0.000000000000000 0.000000000000000 0.000000000000000
1686095789.990336 6.696239804791407 7.060152009401369 0.327726472320432 0.000000000000000 0.000000000000000 0.000000000000000 0.000000000000000
1686095790.286560 7.128196364970615 7.258053871840765 0.435217876371972 0.000000000000000 0.000000000000000 0.000000000000000 0.000000000000000
1686095790.584053 7.552336223124199 7.489038556081806 0.542273195048516 0.000000000000000 0.000000000000000 0.000000000000000 0.000000000000000
1686095790.880301 7.924485740746944 7.787013227015047 0.644750018890970 0.000000000000000 0.000000000000000 0.000000000000000 0.000000000000000
1686095791.177805 8.283164516452239 8.097133210515553 0.756804055909327 0.000000000000000 0.000000000000000 0.000000000000000 0.000000000000000
1686095791.474073 8.600851330735303 8.469300234478485 0.861291289238680 0.000000000000000 0.000000000000000 0.000000000000000 0.000000000000000
1686095791.771552 8.870624968448578 8.874103076815510 0.975146154479147 0.000000000000000 0.000000000000000 0.000000000000000 0.000000000000000
1686095792.067776 9.130186994688456 9.294201276147671 1.097225796013915 0.000000000000000 0.000000000000000 0.000000000000000 0.000000000000000
1686095792.365342 9.323229542407800 9.750893259366187 1.220954126796820 0.000000000000000 0.000000000000000 0.000000000000000 0.000000000000000
1686095792.661582 9.460783739788088 10.233580921735447 1.342101589396987 0.000000000000000 0.000000000000000 0.000000000000000 0.000000000000000
1686095792.925353 9.519856598543353 10.686235841454558 1.446709456173354 0.000000000000000 0.000000000000000 0.000000000000000 0.000000000000000
1686095793.190327 9.539170343247193 11.141398578232312 1.551261702052364 0.000000000000000 0.000000000000000 0.000000000000000 0.000000000000000
1686095793.454091 9.512893219275476 11.604973556953889 1.656305560756381 0.000000000000000 0.000000000000000 0.000000000000000 0.000000000000000
1686095793.717814 9.430110408617843 12.066053173179421 1.758168255868501 0.000000000000000 0.000000000000000 0.000000000000000 0.000000000000000
1686095794.016580 9.307819194033112 12.571608182641619 1.824161377693270 0.000000000000000 0.000000000000000 0.000000000000000 0.000000000000000
1686095794.311572 9.172059045427719 13.095007411545946 1.835635645373173 0.000000000000000 0.000000000000000 0.000000000000000 0.000000000000000
1686095794.610310 9.034243402590281 13.600534812820833 1.855223790116601 0.000000000000000 0.000000000000000 0.000000000000000 0.000000000000000
1686095794.905308 8.876405682816209 14.095362884599570 1.883196501318690 0.000000000000000 0.000000000000000 0.000000000000000 0.000000000000000
1686095795.204069 8.689092590888677 14.567082069392459 1.920616442555077 0.000000000000000 0.000000000000000 0.000000000000000 0.000000000000000
1686095795.500331 8.455911055492466 15.014553070221506 1.966092635678485 0.000000000000000 0.000000000000000 0.000000000000000 0.000000000000000
1686095795.797828 8.214171385568575 15.461866496163790 2.009223001872906 0.000000000000000 0.000000000000000 0.000000000000000 0.000000000000000
1686095796.094060 7.941686278762496 15.923220403472680 2.057426072356438 0.000000000000000 0.000000000000000 0.000000000000000 0.000000000000000
1686095796.391591 7.654769843086563 16.333400236359292 2.132594144342350 0.000000000000000 0.000000000000000 0.000000000000000 0.000000000000000
1686095796.687833 7.346186939777766 16.719899100980854 2.203279509744707 0.000000000000000 0.000000000000000 0.000000000000000 0.000000000000000
1686095796.985305 7.021142468704147 17.094684252768573 2.271359888136435 0.000000000000000 0.000000000000000 0.000000000000000 0.000000000000000
1686095797.281549 6.672492188449755 17.447441716031157 2.341195108364180 0.000000000000000 0.000000000000000 0.000000000000000 0.000000000000000
1686095797.579065 6.287191460633580 17.768456104029148 2.412971893030401 0.000000000000000 0.000000000000000 0.000000000000000 0.000000000000000
1686095797.875308 5.897918396497184 18.084873002477565 2.478232039671452 0.000000000000000 0.000000000000000 0.000000000000000 0.000000000000000
1686095798.174099 5.472361520325570 18.332338529835543 2.546767375966121 0.000000000000000 0.000000000000000 0.000000000000000 0.000000000000000
1686095798.470318 5.044436093857509 18.593884122397956 2.616674811485026 0.000000000000000 0.000000000000000 0.000000000000000 0.000000000000000
1686095798.767802 4.586841053513147 18.805902301233679 2.681841521333713 0.000000000000000 0.000000000000000 0.000000000000000 0.000000000000000
1686095799.064086 4.116940138637317 19.004086256758860 2.745985521520588 0.000000000000000 0.000000000000000 0.000000000000000 0.000000000000000
1686095799.361554 3.641137333177163 19.180813529298327 2.809535388910544 0.000000000000000 0.000000000000000 0.000000000000000 0.000000000000000
1686095799.657832 3.165112307793686 19.336913385844834 2.874273359287145 0.000000000000000 0.000000000000000 0.000000000000000 0.000000000000000
1686095799.955404 2.676813089550918 19.437937474992601 2.952921407915490 0.000000000000000 0.000000000000000 0.000000000000000 0.000000000000000
1686095800.251512 2.170154317220997 19.476749561361540 3.043779314675908 0.000000000000000 0.000000000000000 0.000000000000000 0.000000000000000
1686095800.550282 1.668074747719861 19.466039821220935 3.135926658094986 0.000000000000000 0.000000000000000 0.000000000000000 0.000000000000000
1686095800.845257 1.179916257447387 19.411055168952309 3.232070991050489 0.000000000000000 0.000000000000000 0.000000000000000 0.000000000000000
1686095801.144012 0.692987559341416 19.325282523079434 3.321910944702245 0.000000000000000 0.000000000000000 0.000000000000000 0.000000000000000
1686095801.440259 0.207596832222335 19.205550708754220 3.407234879404042 0.000000000000000 0.000000000000000 0.000000000000000 0.000000000000000
1686095801.737760 -0.273947670659844 19.063064888032940 3.497044227641848 0.000000000000000 0.000000000000000 0.000000000000000 0.000000000000000
1686095802.034031 -0.734051555958193 18.853695226915839 3.592936090676168 0.000000000000000 0.000000000000000 0.000000000000000 0.000000000000000
1686095802.331870 -1.162322165918345 18.623092429581959 3.697228691717997 0.000000000000000 0.000000000000000 0.000000000000000 0.000000000000000
1686095802.628137 -1.537455638120258 18.333759543376249 3.796427547405507 0.000000000000000 0.000000000000000 0.000000000000000 0.000000000000000
1686095802.925641 -1.907020831564663 18.006087653631003 3.887778622465958 0.000000000000000 0.000000000000000 0.000000000000000 0.000000000000000
1686095803.221864 -2.246802867864865 17.647784158921361 3.978344347912190 0.000000000000000 0.000000000000000 0.000000000000000 0.000000000000000
1686095803.519381 -2.544402480389302 17.252117532688889 4.068871119833729 0.000000000000000 0.000000000000000 0.000000000000000 0.000000000000000
1686095803.815638 -2.805237275329618 16.837766375382465 4.161265481420709 0.000000000000000 0.000000000000000 0.000000000000000 0.000000000000000
1686095804.113148 -3.042578344296043 16.402345525640882 4.260891746595635 0.000000000000000 0.000000000000000 0.000000000000000 0.000000000000000
1686095804.409374 -3.225032920074521 15.925717923848776 4.361016726837920 0.000000000000000 0.000000000000000 0.000000000000000 0.000000000000000
1686095804.674394 -3.359492026648748 15.484289672404815 4.443940459409507 0.000000000000000 0.000000000000000 0.000000000000000 0.000000000000000
1686095804.971917 -3.457645178053062 15.000528131543694 4.535667524738463 0.000000000000000 0.000000000000000 0.000000000000000 0.000000000000000
1686095805.268081 -3.527093627530167 14.511043775128210 4.615331488181393 0.000000000000000 0.000000000000000 0.000000000000000 0.000000000000000
1686095805.565630 -3.570365249556436 14.006619666574561 4.678137566805256 0.000000000000000 0.000000000000000 0.000000000000000 0.000000000000000
1686095805.861885 -3.584111268430730 13.499649137132845 4.709917120061071 0.000000000000000 0.000000000000000 0.000000000000000 0.000000000000000
1686095806.159243 -3.570807984838768 12.986627252507830 4.731612330448873 0.000000000000000 0.000000000000000 0.000000000000000 0.000000000000000
1686095806.455497 -3.541131101911413 12.483172097381621 4.757947245253057 0.000000000000000 0.000000000000000 0.000000000000000 0.000000000000000
1686095806.754245 -3.498776069060360 11.992097246579295 4.785442447720737 0.000000000000000 0.000000000000000 0.000000000000000 0.000000000000000
1686095807.084239 -3.434626421672891 11.456547047563719 4.816303574306280 0.000000000000000 0.000000000000000 0.000000000000000 0.000000000000000
1686095807.413294 -3.366289567458181 10.925065746325901 4.847181017301365 0.000000000000000 0.000000000000000 0.000000000000000 0.000000000000000
1686095807.709248 -3.283964199272420 10.442678432753745 4.884125273172373 0.000000000000000 0.000000000000000 0.000000000000000 0.000000000000000
1686095808.008013 -3.155737662886136 9.982981968532618 4.971426382903995 0.000000000000000 0.000000000000000 0.000000000000000 0.000000000000000
1686095808.304238 -2.992385688703196 9.529280641654534 5.061175016248389 0.000000000000000 0.000000000000000 0.000000000000000 0.000000000000000
1686095808.601789 -2.769656856111154 9.079845653801721 5.147533759225403 0.000000000000000 0.000000000000000 0.000000000000000 0.000000000000000
1686095808.898010 -2.510193188855979 8.654411447751869 5.227862654324838 0.000000000000000 0.000000000000000 0.000000000000000 0.000000000000000
1686095809.195504 -2.217748354795487 8.256295427810313 5.309026547317065 0.000000000000000 0.000000000000000 0.000000000000000 0.000000000000000
1686095809.491736 -1.892786399298778 7.868998309510007 5.386564661104585 0.000000000000000 0.000000000000000 0.000000000000000 0.000000000000000
1686095809.790544 -1.546803849223533 7.501794191843622 5.478088634139255 0.000000000000000 0.000000000000000 0.000000000000000 0.000000000000000
1686095810.085516 -1.179703752119860 7.164418377969216 5.567395018113341 0.000000000000000 0.000000000000000 0.000000000000000 0.000000000000000
1686095810.383049 -0.777366093445026 6.862489561449595 5.649243003473591 0.000000000000000 0.000000000000000 0.000000000000000 0.000000000000000
1686095810.679265 -0.346994958811526 6.580299321217185 5.710739934084947 0.000000000000000 0.000000000000000 0.000000000000000 0.000000000000000
1686095810.977981 0.090444474256430 6.340650744351472 5.775802391306537 0.000000000000000 0.000000000000000 0.000000000000000 0.000000000000000
1686095811.274247 0.529603042500473 6.139938889502632 5.846727625026692 0.000000000000000 0.000000000000000 0.000000000000000 0.000000000000000
1686095811.637998 1.001603406298107 5.964339770001325 5.906938837154832 0.000000000000000 0.000000000000000 0.000000000000000 0.000000000000000
