1686284028.013323 0.000000000000000 0.000000000000000 0.000000000000000 0.000000000000000 0.000000000000000 0.000000000000000 0.000000000000000
1686284032.764924 0.504939636977704 0.013395763956172 0.003999894652167 0.000000000000000 0.000000000000000 0.000000000000000 0.000000000000000
1686284033.259504 1.017725409628566 0.023728822680141 0.010420616771317 0.000000000000000 0.000000000000000 0.000000000000000 0.000000000000000
1686284033.722003 1.543456793538318 0.040021905710963 0.018715482036509 0.000000000000000 0.000000000000000 0.000000000000000 0.000000000000000
1686284034.118241 2.073163103581418 0.035373471388969 0.023813990713630 0.000000000000000 0.000000000000000 0.000000000000000 0.000000000000000
1686284034.480732 2.616998356496754 0.047504627024586 0.043580233914921 0.000000000000000 0.000000000000000 0.000000000000000 0.000000000000000
1686284034.810722 3.130770243394132 0.080973012236338 0.103951054595874 0.000000000000000 0.000000000000000 0.000000000000000 0.000000000000000
1686284035.140759 3.657213872988459 0.120241162721180 0.134039315608249 0.000000000000000 0.000000000000000 0.000000000000000 0.000000000000000
1686284035.471140 4.183744540914292 0.181528711788594 0.181163691141735 0.000000000000000 0.000000000000000 0.000000000000000 0.000000000000000
1686284035.801138 4.707152260812888 0.270097765965820 0.247232198567063 0.000000000000000 0.000000000000000 0.000000000000000 0.000000000000000
1686284036.131122 5.227821978593456 0.404355171929191 0.310025063444378 0.000000000000000 0.000000000000000 0.000000000000000 0.000000000000000
1686284036.461118 5.759484193207382 0.535447150125311 0.366378819519087 0.000000000000000 0.000000000000000 0.000000000000000 0.000000000000000
1686284036.790270 6.270834881958687 0.710114325186696 0.430114042584774 0.000000000000000 0.000000000000000 0.000000000000000 0.000000000000000
1686284037.121538 6.769425497306536 0.905781236050094 0.510866591201133 0.000000000000000 0.000000000000000 0.000000000000000 0.000000000000000
1686284037.451516 7.225124537354198 1.160368093120715 0.603536086421033 0.000000000000000 0.000000000000000 0.000000000000000 0.000000000000000
1686284037.780253 7.651405712973581 1.485675600385096 0.701969524008277 0.000000000000000 0.000000000000000 0.000000000000000 0.000000000000000
1686284038.112759 8.066061131137717 1.834610131290991 0.795798020473582 0.000000000000000 0.000000000000000 0.000000000000000 0.000000000000000
1686284038.472770 8.466191023827662 2.220460450444511 0.884771851649824 0.000000000000000 0.000000000000000 0.000000000000000 0.000000000000000
1686284038.836509 8.810542770012177 2.653545032366656 0.983344905837170 0.000000000000000 0.000000000000000 0.000000000000000 0.000000000000000
1686284039.166529 9.101327889535341 3.081087783654616 1.075656785361076 0.000000000000000 0.000000000000000 0.000000000000000 0.000000000000000
1686284039.529293 9.367842591059691 3.576376037182616 1.162537611021652 0.000000000000000 0.000000000000000 0.000000000000000 0.000000000000000
1686284039.858714 9.568676642698268 4.083930520886360 1.245291469723304 0.000000000000000 0.000000000000000 0.000000000000000 0.000000000000000
1686284040.156216 9.743939893290968 4.589104423541995 1.310672740215306 0.000000000000000 0.000000000000000 0.000000000000000 0.000000000000000
1686284040.452463 9.887808511942923 5.090443162994121 1.367779624031080 0.000000000000000 0.000000000000000 0.000000000000000 0.000000000000000
1686284040.751236 10.012390383579874 5.595905082827687 1.406304388506914 0.000000000000000 0.000000000000000 0.000000000000000 0.000000000000000
1686284041.047481 10.110005641267028 6.114272198568540 1.450578371075508 0.000000000000000 0.000000000000000 0.000000000000000 0.000000000000000
1686284041.346296 10.185310437778996 6.640090186023487 1.502620958955923 0.000000000000000 0.000000000000000 0.000000000000000 0.000000000000000
1686284041.641467 10.215944732974398 7.167981291001593 1.540910317629569 0.000000000000000 0.000000000000000 0.000000000000000 0.000000000000000
1686284041.939045 10.268089071899460 7.699289188565559 1.544445317712938 0.000000000000000 0.000000000000000 0.000000000000000 0.000000000000000
1686284042.235211 10.317152710594053 8.224934631795955 1.546750870359724 0.000000000000000 0.000000000000000 0.000000000000000 0.000000000000000
1686284042.532726 10.351187299011174 8.775446246791430 1.549304136747756 0.000000000000000 0.000000000000000 0.000000000000000 0.000000000000000
1686284042.796451 10.388712226268099 9.278537612788831 1.542161813053420 0.000000000000000 0.000000000000000 0.000000000000000 0.000000000000000
1686284043.060634 10.435838753708618 9.785520087134259 1.518572179028669 0.000000000000000 0.000000000000000 0.000000000000000 0.000000000000000
1686284043.324358 10.483582954312583 10.286737857547132 1.492597421768382 0.000000000000000 0.000000000000000 0.000000000000000 0.000000000000000
1686284043.589392 10.569248182882347 10.806506982254708 1.465803210247823 0.000000000000000 0.000000000000000 0.000000000000000 0.000000000000000
1686284043.853130 10.655201819778936 11.332919592331299 1.432519086982397 0.000000000000000 0.000000000000000 0.000000000000000 0.000000000000000
1686284044.149420 10.770480215068520 11.840141960262883 1.382118720965371 0.000000000000000 0.000000000000000 0.000000000000000 0.000000000000000
1686284044.446915 10.904422068778789 12.354405786365835 1.330435248614681 0.000000000000000 0.000000000000000 0.000000000000000 0.000000000000000
1686284044.710620 11.077675391300247 12.850163292715990 1.281130766940241 0.000000000000000 0.000000000000000 0.000000000000000 0.000000000000000
1686284044.974365 11.255225773227297 13.358928189085256 1.231296011506056 0.000000000000000 0.000000000000000 0.000000000000000 0.000000000000000
1686284045.239363 11.472931483175458 13.835407782741367 1.167966868699318 0.000000000000000 0.000000000000000 0.000000000000000 0.000000000000000
1686284045.503116 11.713325816619292 14.316121320057855 1.099119406781365 0.000000000000000 0.000000000000000 0.000000000000000 0.000000000000000
1686284045.767328 11.998763163668270 14.785985385048075 1.032816303266352 0.000000000000000 0.000000000000000 0.000000000000000 0.000000000000000
1686284045.997302 12.282397298337660 15.189651423584408 0.972468636025285 0.000000000000000 0.000000000000000 0.000000000000000 0.000000000000000
1686284046.228556 12.599195911693601 15.578928489005087 0.918037000324672 0.000000000000000 0.000000000000000 0.000000000000000 0.000000000000000
1686284046.458584 12.911961073717679 15.962619352933586 0.872144252063212 0.000000000000000 0.000000000000000 0.000000000000000 0.000000000000000
1686284046.691069 13.269592179719806 16.325153698480470 0.820246862836401 0.000000000000000 0.000000000000000 0.000000000000000 0.000000000000000
1686284046.921055 13.618832461735124 16.667627665579893 0.760707864357605 0.000000000000000 0.000000000000000 0.000000000000000 0.000000000000000
1686284047.184887 14.018070698528316 17.042874861818497 0.686066985530509 0.000000000000000 0.000000000000000 0.000000000000000 0.000000000000000
1686284047.417423 14.431303365726325 17.320520528709835 0.622723643927347 0.000000000000000 0.000000000000000 0.000000000000000 0.000000000000000
1686284047.646967 14.860708238458667 17.602300379969652 0.558503546713025 0.000000000000000 0.000000000000000 0.000000000000000 0.000000000000000
1686284047.878250 15.326890207015081 17.845277750820078 0.495139191355885 0.000000000000000 0.000000000000000 0.000000000000000 0.000000000000000
1686284048.109499 15.809043049341422 18.055339383756124 0.432521241065314 0.000000000000000 0.000000000000000 0.000000000000000 0.000000000000000
1686284048.340719 16.285753979948847 18.236061354876799 0.367488019535384 0.000000000000000 0.000000000000000 0.000000000000000 0.000000000000000
1686284048.571079 16.778048130690124 18.397315818988503 0.328431808660333 0.000000000000000 0.000000000000000 0.000000000000000 0.000000000000000
1686284048.802286 17.288587942303465 18.534816393356579 0.294399144490105 0.000000000000000 0.000000000000000 0.000000000000000 0.000000000000000
1686284049.033534 17.816842265594225 18.665317515205977 0.259448060999884 0.000000000000000 0.000000000000000 0.000000000000000 0.000000000000000
1686284049.264798 18.348045635290053 18.771127352508948 0.226344013769979 0.000000000000000 0.000000000000000 0.000000000000000 0.000000000000000
1686284049.494887 18.873519878065053 18.882056599423809 0.178066005689596 0.000000000000000 0.000000000000000 0.000000000000000 0.000000000000000
1686284049.726869 19.419098550397003 18.978811391103800 0.125641907868256 0.000000000000000 0.000000000000000 0.000000000000000 0.000000000000000
1686284049.956819 19.946324144629585 18.995704110564365 0.070530779214758 0.000000000000000 0.000000000000000 0.000000000000000 0.000000000000000
1686284050.190593 20.466491487744793 18.990100385092084 0.013470460404101 0.000000000000000 0.000000000000000 0.000000000000000 0.000000000000000
1686284050.419346 20.985835278987402 18.950110628300639 -0.036451761430981 0.000000000000000 0.000000000000000 0.000000000000000 0.000000000000000
1686284050.650564 21.510368081816015 18.901064523578569 -0.087380322988477 0.000000000000000 0.000000000000000 0.000000000000000 0.000000000000000
1686284050.880579 22.042831818905263 18.814627052180789 -0.135518608551886 0.000000000000000 0.000000000000000 0.000000000000000 0.000000000000000
1686284051.113075 22.577798404333368 18.718099486010090 -0.189466249621046 0.000000000000000 0.000000000000000 0.000000000000000 0.000000000000000
1686284051.343086 23.101372660352826 18.592676182386626 -0.236198767417668 0.000000000000000 0.000000000000000 0.000000000000000 0.000000000000000
1686284051.574334 23.612021877891930 18.417105194009633 -0.287531823687688 0.000000000000000 0.000000000000000 0.000000000000000 0.000000000000000
1686284051.805597 24.121089315983124 18.237645913767807 -0.325606713794005 0.000000000000000 0.000000000000000 0.000000000000000 0.000000000000000
1686284052.038093 24.620518661442354 18.022528566204041 -0.359846455434663 0.000000000000000 0.000000000000000 0.000000000000000 0.000000000000000
1686284052.266857 25.126172723795502 17.797831351411794 -0.385068718439735 0.000000000000000 0.000000000000000 0.000000000000000 0.000000000000000
1686284052.499351 25.624669123738887 17.556626363512656 -0.434654558598457 0.000000000000000 0.000000000000000 0.000000000000000 0.000000000000000
1686284052.729333 26.113393500979630 17.291802713256761 -0.479811003392095 0.000000000000000 0.000000000000000 0.000000000000000 0.000000000000000
1686284052.960634 26.580605174456224 17.012470717485744 -0.523121256625015 0.000000000000000 0.000000000000000 0.000000000000000 0.000000000000000
1686284053.190583 27.028895414166644 16.694065865033966 -0.567898790187353 0.000000000000000 0.000000000000000 0.000000000000000 0.000000000000000
1686284053.423067 27.473062511307628 16.379977888300004 -0.615240227421065 0.000000000000000 0.000000000000000 0.000000000000000 0.000000000000000
1686284053.653099 27.908812416265302 16.056170571230442 -0.657773466069998 0.000000000000000 0.000000000000000 0.000000000000000 0.000000000000000
1686284053.884362 28.323554208687899 15.699797092323596 -0.706606607548640 0.000000000000000 0.000000000000000 0.000000000000000 0.000000000000000
1686284054.115580 28.695120403187307 15.306387843827263 -0.778142851496136 0.000000000000000 0.000000000000000 0.000000000000000 0.000000000000000
1686284054.346791 29.055537085500379 14.898409659944958 -0.844006324308965 0.000000000000000 0.000000000000000 0.000000000000000 0.000000000000000
1686284054.576820 29.363243576882503 14.465863661645329 -0.907052738147662 0.000000000000000 0.000000000000000 0.000000000000000 0.000000000000000
1686284054.809357 29.674387209556521 14.021833833972689 -0.966597092340009 0.000000000000000 0.000000000000000 0.000000000000000 0.000000000000000
1686284055.039305 29.933810090467517 13.530368282417399 -1.032202687716581 0.000000000000000 0.000000000000000 0.000000000000000 0.000000000000000
1686284055.270553 30.188005968791952 13.035415599041695 -1.095654958843979 0.000000000000000 0.000000000000000 0.000000000000000 0.000000000000000
1686284055.500547 30.385261012906415 12.532389225191082 -1.160817477432938 0.000000000000000 0.000000000000000 0.000000000000000 0.000000000000000
1686284055.733005 30.574849836217929 12.026495928212809 -1.222306551242807 0.000000000000000 0.000000000000000 0.000000000000000 0.000000000000000
1686284055.963105 30.729202230670076 11.485046716116980 -1.269193351638372 0.000000000000000 0.000000000000000 0.000000000000000 0.000000000000000
1686284056.194312 30.868431898330201 10.927367225192793 -1.305763741409011 0.000000000000000 0.000000000000000 0.000000000000000 0.000000000000000
1686284056.425571 31.010759889189643 10.375853422798270 -1.318473001916965 0.000000000000000 0.000000000000000 0.000000000000000 0.000000000000000
1686284056.656808 31.130711370377806 9.832923318085275 -1.313739346397256 0.000000000000000 0.000000000000000 0.000000000000000 0.000000000000000
1686284056.886801 31.263865867695291 9.300800842307483 -1.313537545667353 0.000000000000000 0.000000000000000 0.000000000000000 0.000000000000000
1686284057.120610 31.395634017153981 8.774546644713482 -1.291945270874172 0.000000000000000 0.000000000000000 0.000000000000000 0.000000000000000
1686284057.349319 31.547051193083810 8.258246981612015 -1.240625812917470 0.000000000000000 0.000000000000000 0.000000000000000 0.000000000000000
1686284057.580546 31.724026070859239 7.753593049470582 -1.184295640625177 0.000000000000000 0.000000000000000 0.000000000000000 0.000000000000000
1686284057.810549 31.920715447648000 7.264134548292244 -1.127240318022869 0.000000000000000 0.000000000000000 0.000000000000000 0.000000000000000
1686284058.043045 32.165858987752102 6.809683224144957 -1.057831277354925 0.000000000000000 0.000000000000000 0.000000000000000 0.000000000000000
1686284058.273057 32.442813231149472 6.376628271660246 -0.988150390385879 0.000000000000000 0.000000000000000 0.000000000000000 0.000000000000000
1686284058.504302 32.744519439978902 5.947687795548642 -0.903006255790237 0.000000000000000 0.000000000000000 0.000000000000000 0.000000000000000
1686284058.735562 33.086307604911937 5.544628614038340 -0.815255134882194 0.000000000000000 0.000000000000000 0.000000000000000 0.000000000000000
1686284058.966756 33.464762223285426 5.177168902657884 -0.715863487467021 0.000000000000000 0.000000000000000 0.000000000000000 0.000000000000000
1686284059.197632 33.871719380651633 4.843598871119735 -0.610162488321334 0.000000000000000 0.000000000000000 0.000000000000000 0.000000000000000
1686284059.428888 34.311965011058767 4.568506990305442 -0.504780427712165 0.000000000000000 0.000000000000000 0.000000000000000 0.000000000000000
1686284059.659237 34.773730273726819 4.348383456719002 -0.390828525437690 0.000000000000000 0.000000000000000 0.000000000000000 0.000000000000000
1686284059.891476 35.263239888759543 4.188861916073996 -0.265274268528723 0.000000000000000 0.000000000000000 0.000000000000000 0.000000000000000
1686284060.121490 35.774724193964943 4.067700331655422 -0.143567793800089 0.000000000000000 0.000000000000000 0.000000000000000 0.000000000000000
1686284060.352731 36.303667770456606 4.037517113916882 -0.027140154239448 0.000000000000000 0.000000000000000 0.000000000000000 0.000000000000000
1686284060.582734 36.835360658532558 4.032767681835997 0.068160869126574 0.000000000000000 0.000000000000000 0.000000000000000 0.000000000000000
1686284060.815252 37.361197638301128 4.101250556792778 0.149934663848565 0.000000000000000 0.000000000000000 0.000000000000000 0.000000000000000
1686284061.045240 37.894860570861340 4.177689134440527 0.213043302329159 0.000000000000000 0.000000000000000 0.000000000000000 0.000000000000000
1686284061.276510 38.393635016182564 4.313317787681358 0.275155256694298 0.000000000000000 0.000000000000000 0.000000000000000 0.000000000000000
1686284061.506491 38.883181997736855 4.458386751564536 0.336234369724034 0.000000000000000 0.000000000000000 0.000000000000000 0.000000000000000
1686284061.771479 39.423777078880811 4.652005710157862 0.397923882182627 0.000000000000000 0.000000000000000 0.000000000000000 0.000000000000000
1686284062.002737 39.903857158639241 4.864310183341086 0.461323304730863 0.000000000000000 0.000000000000000 0.000000000000000 0.000000000000000
1686284062.232721 40.371544673247044 5.115315039035607 0.526109874077682 0.000000000000000 0.000000000000000 0.000000000000000 0.000000000000000
1686284062.465237 40.828051787961556 5.390688788028900 0.594776352783488 0.000000000000000 0.000000000000000 0.000000000000000 0.000000000000000
1686284062.695230 41.264191138410581 5.679433344332409 0.656491181290945 0.000000000000000 0.000000000000000 0.000000000000000 0.000000000000000
1686284062.926484 41.687983532539235 6.012932733519865 0.722679290605491 0.000000000000000 0.000000000000000 0.000000000000000 0.000000000000000
1686284063.156559 42.110918267172167 6.353360291517804 0.787978614082921 0.000000000000000 0.000000000000000 0.000000000000000 0.000000000000000
1686284063.389085 42.490965532322740 6.718791339532570 0.857373968972915 0.000000000000000 0.000000000000000 0.000000000000000 0.000000000000000
1686284063.619050 42.831873548443305 7.117438145331656 0.922321588046778 0.000000000000000 0.000000000000000 0.000000000000000 0.000000000000000
1686284063.850288 43.146601110672897 7.536547759687062 0.994197261716113 0.000000000000000 0.000000000000000 0.000000000000000 0.000000000000000
1686284064.081535 43.442436539209083 7.966816974381349 1.054412752467696 0.000000000000000 0.000000000000000 0.000000000000000 0.000000000000000
1686284064.312856 43.705854544113564 8.425668856247105 1.120966380403705 0.000000000000000 0.000000000000000 0.000000000000000 0.000000000000000
1686284064.543154 43.959133235487201 8.902190741519934 1.188368427783665 0.000000000000000 0.000000000000000 0.000000000000000 0.000000000000000
1686284064.774399 44.162412685371713 9.386283303290574 1.260278266196278 0.000000000000000 0.000000000000000 0.000000000000000 0.000000000000000
1686284065.004381 44.351888697361375 9.881038645000217 1.323811374984098 0.000000000000000 0.000000000000000 0.000000000000000 0.000000000000000
1686284065.236882 44.499873363364273 10.392579521204542 1.388839123361574 0.000000000000000 0.000000000000000 0.000000000000000 0.000000000000000
1686284065.466950 44.603435145318294 10.918144646029486 1.439352849430366 0.000000000000000 0.000000000000000 0.000000000000000 0.000000000000000
1686284065.699397 44.697682401955483 11.439693562023606 1.446182946748782 0.000000000000000 0.000000000000000 0.000000000000000 0.000000000000000
1686284065.929385 44.792201905773339 11.963650294542623 1.447784541042694 0.000000000000000 0.000000000000000 0.000000000000000 0.000000000000000
1686284066.160637 44.871433874538802 12.504548343260925 1.452504621641195 0.000000000000000 0.000000000000000 0.000000000000000 0.000000000000000
1686284066.390617 44.967053429972736 13.049810431408533 1.455193728993933 0.000000000000000 0.000000000000000 0.000000000000000 0.000000000000000
1686284066.623153 45.035709125947555 13.591381732627253 1.464198751383096 0.000000000000000 0.000000000000000 0.000000000000000 0.000000000000000
1686284066.853181 45.109965534392401 14.138798613432581 1.483927541411134 0.000000000000000 0.000000000000000 0.000000000000000 0.000000000000000
1686284067.084373 45.144857024334861 14.688021697054058 1.509717930466664 0.000000000000000 0.000000000000000 0.000000000000000 0.000000000000000
1686284067.314393 45.188132836775594 15.245140371726787 1.538096478055482 0.000000000000000 0.000000000000000 0.000000000000000 0.000000000000000
1686284067.546878 45.205685428857308 15.814546868085923 1.595053875143956 0.000000000000000 0.000000000000000 0.000000000000000 0.000000000000000
1686284067.776919 45.162466835979750 16.368757261069430 1.683704897890983 0.000000000000000 0.000000000000000 0.000000000000000 0.000000000000000
1686284068.009375 45.079728461602812 16.914437547898807 1.798096474247623 0.000000000000000 0.000000000000000 0.000000000000000 0.000000000000000
1686284068.239381 44.935650030974436 17.445185205837660 1.897872326444443 0.000000000000000 0.000000000000000 0.000000000000000 0.000000000000000
1686284068.470660 44.730714424952623 17.946031822772696 2.004932675296212 0.000000000000000 0.000000000000000 0.000000000000000 0.000000000000000
1686284068.700637 44.487326537532311 18.427674687794706 2.107962321797980 0.000000000000000 0.000000000000000 0.000000000000000 0.000000000000000
1686284068.933145 44.202931899223849 18.870275567205670 2.216156296755455 0.000000000000000 0.000000000000000 0.000000000000000 0.000000000000000
1686284069.163112 43.879262984981963 19.282137944523591 2.311634322195835 0.000000000000000 0.000000000000000 0.000000000000000 0.000000000000000
1686284069.426896 43.474076474601233 19.699187087281974 2.394591295022733 0.000000000000000 0.000000000000000 0.000000000000000 0.000000000000000
1686284069.660665 43.088292455292155 20.063968790843301 2.446065972627217 0.000000000000000 0.000000000000000 0.000000000000000 0.000000000000000
1686284069.889386 42.679206311271308 20.424466369479987 2.457823931730769 0.000000000000000 0.000000000000000 0.000000000000000 0.000000000000000
1686284070.120646 42.280835076870126 20.776671700086855 2.459748331599212 0.000000000000000 0.000000000000000 0.000000000000000 0.000000000000000
1686284070.350630 41.887204873115586 21.146218838844742 2.473454034532959 0.000000000000000 0.000000000000000 0.000000000000000 0.000000000000000
1686284070.583144 41.451855644150065 21.491449755598275 2.525319699371740 0.000000000000000 0.000000000000000 0.000000000000000 0.000000000000000
1686284070.813145 41.000970241088943 21.823756132168537 2.584474462193737 0.000000000000000 0.000000000000000 0.000000000000000 0.000000000000000
1686284071.044386 40.529867699105075 22.118668533884968 2.642954281510204 0.000000000000000 0.000000000000000 0.000000000000000 0.000000000000000
1686284071.275657 40.043234370008129 22.381246708517033 2.711026629834768 0.000000000000000 0.000000000000000 0.000000000000000 0.000000000000000
1686284071.506910 39.540711942987222 22.603507441341364 2.779715910094036 0.000000000000000 0.000000000000000 0.000000000000000 0.000000000000000
1686284071.736906 39.040607579007343 22.784437489356879 2.851588773629386 0.000000000000000 0.000000000000000 0.000000000000000 0.000000000000000
1686284071.969412 38.531312841473785 22.933354961814601 2.930678725033890 0.000000000000000 0.000000000000000 0.000000000000000 0.000000000000000
1686284072.199392 38.012042233411073 23.042822943124293 3.014811019436545 0.000000000000000 0.000000000000000 0.000000000000000 0.000000000000000
1686284072.430633 37.484633165717391 23.102293990019284 3.092780102256014 0.000000000000000 0.000000000000000 0.000000000000000 0.000000000000000
1686284072.661922 36.945989529814462 23.118237696138149 3.179874529424306 0.000000000000000 0.000000000000000 0.000000000000000 0.000000000000000
1686284072.893145 36.406987708677853 23.082206051550290 3.261668463884128 0.000000000000000 0.000000000000000 0.000000000000000 0.000000000000000
1686284073.123158 35.873941859887680 23.004034487212586 3.344172290951998 0.000000000000000 0.000000000000000 0.000000000000000 0.000000000000000
1686284073.355655 35.333808460667811 22.905236900422700 3.421897834860690 0.000000000000000 0.000000000000000 0.000000000000000 0.000000000000000
1686284073.584397 34.819068390835007 22.733642698630064 3.503646278114508 0.000000000000000 0.000000000000000 0.000000000000000 0.000000000000000
1686284073.816891 34.316236530854539 22.543020879426539 3.599592383878146 0.000000000000000 0.000000000000000 0.000000000000000 0.000000000000000
1686284074.046897 33.827190235874923 22.288963801741705 3.692931882542987 0.000000000000000 0.000000000000000 0.000000000000000 0.000000000000000
1686284074.279390 33.396419522382246 21.968641911637732 3.800003847867366 0.000000000000000 0.000000000000000 0.000000000000000 0.000000000000000
1686284074.509388 32.939290882423158 21.663333036472022 3.892805716727428 0.000000000000000 0.000000000000000 0.000000000000000 0.000000000000000
1686284074.741186 32.559732044168449 21.293930380146801 3.985029961745248 0.000000000000000 0.000000000000000 0.000000000000000 0.000000000000000
1686284074.970960 32.209674287493570 20.900968345921061 4.086749100419931 0.000000000000000 0.000000000000000 0.000000000000000 0.000000000000000
1686284075.203473 31.896377696017115 20.466948046472346 4.177080502019779 0.000000000000000 0.000000000000000 0.000000000000000 0.000000000000000
1686284075.432734 31.626971208487106 20.018847491561743 4.224184144227157 0.000000000000000 0.000000000000000 0.000000000000000 0.000000000000000
1686284075.665254 31.354053469512007 19.571569057778387 4.225845372809077 0.000000000000000 0.000000000000000 0.000000000000000 0.000000000000000
1686284075.894640 31.073850019783887 19.113211531281156 4.234397708459010 0.000000000000000 0.000000000000000 0.000000000000000 0.000000000000000
1686284076.127146 30.802784221169414 18.648744590131102 4.235926625985306 0.000000000000000 0.000000000000000 0.000000000000000 0.000000000000000
1686284076.357155 30.528420567870672 18.182353673600417 4.240050328054092 0.000000000000000 0.000000000000000 0.000000000000000 0.000000000000000
1686284076.588403 30.251091338330696 17.703495052634672 4.240475318900172 0.000000000000000 0.000000000000000 0.000000000000000 0.000000000000000
1686284076.818381 29.983295621971028 17.226939971603308 4.246242629751401 0.000000000000000 0.000000000000000 0.000000000000000 0.000000000000000
1686284077.050916 29.696008495981410 16.751507528136020 4.246170220847592 0.000000000000000 0.000000000000000 0.000000000000000 0.000000000000000
1686284077.280905 29.437541185692137 16.257184846105105 4.250578104298363 0.000000000000000 0.000000000000000 0.000000000000000 0.000000000000000
1686284077.513387 29.161129735725051 15.774867559453087 4.247838346830560 0.000000000000000 0.000000000000000 0.000000000000000 0.000000000000000
1686284077.743506 28.895583739674720 15.281999316578696 4.246966303726534 0.000000000000000 0.000000000000000 0.000000000000000 0.000000000000000
1686284077.974759 28.606449275130938 14.803843781490601 4.239547540874483 0.000000000000000 0.000000000000000 0.000000000000000 0.000000000000000
1686284078.204755 28.352313227450061 14.316280872969090 4.238011358357566 0.000000000000000 0.000000000000000 0.000000000000000 0.000000000000000
1686284078.437258 28.063659275451034 13.845922286761171 4.236125383174629 0.000000000000000 0.000000000000000 0.000000000000000 0.000000000000000
1686284078.667563 27.800945936022671 13.361806126040587 4.230103741769723 0.000000000000000 0.000000000000000 0.000000000000000 0.000000000000000
1686284078.899045 27.505964218970387 12.883674250663086 4.224242398866351 0.000000000000000 0.000000000000000 0.000000000000000 0.000000000000000
1686284079.129065 27.242934718105150 12.395820084511598 4.212415511755299 0.000000000000000 0.000000000000000 0.000000000000000 0.000000000000000
1686284079.360351 26.945648476798198 11.931347704267944 4.192765817906401 0.000000000000000 0.000000000000000 0.000000000000000 0.000000000000000
1686284079.591549 26.660190798699350 11.459497250142530 4.171116218552038 0.000000000000000 0.000000000000000 0.000000000000000 0.000000000000000
1686284079.822793 26.352204801178072 11.004764099656771 4.143360815739099 0.000000000000000 0.000000000000000 0.000000000000000 0.000000000000000
1686284080.052802 26.051616832112224 10.547385596971314 4.149844638382713 0.000000000000000 0.000000000000000 0.000000000000000 0.000000000000000
1686284080.285315 25.752926749275492 10.094309060133144 4.150518195937951 0.000000000000000 0.000000000000000 0.000000000000000 0.000000000000000
1686284080.515314 25.442541763797465 9.648678928519981 4.133032285021299 0.000000000000000 0.000000000000000 0.000000000000000 0.000000000000000
1686284080.746578 25.113610505003116 9.206138227993280 4.101542690098857 0.000000000000000 0.000000000000000 0.000000000000000 0.000000000000000
1686284080.976581 24.773076440972613 8.778936688394090 4.076890894902506 0.000000000000000 0.000000000000000 0.000000000000000 0.000000000000000
1686284081.209098 24.442592246047198 8.340418534898806 4.082734844130921 0.000000000000000 0.000000000000000 0.000000000000000 0.000000000000000
1686284081.439125 24.111590962351396 7.910495388049924 4.049244357543866 0.000000000000000 0.000000000000000 0.000000000000000 0.000000000000000
1686284081.670362 23.754847352610984 7.499471406671085 3.995572846054154 0.000000000000000 0.000000000000000 0.000000000000000 0.000000000000000
1686284081.901145 23.381229466188771 7.107315758074212 3.944193159373373 0.000000000000000 0.000000000000000 0.000000000000000 0.000000000000000
1686284082.133660 22.974485316581752 6.751823527374600 3.889052205213174 0.000000000000000 0.000000000000000 0.000000000000000 0.000000000000000
1686284082.363661 22.553975654454216 6.404512833620911 3.834163306026650 0.000000000000000 0.000000000000000 0.000000000000000 0.000000000000000
1686284082.594903 22.118834403580447 6.064938960378182 3.774366188759964 0.000000000000000 0.000000000000000 0.000000000000000 0.000000000000000
1686284082.824881 21.652882023332637 5.785287546573679 3.709558927843248 0.000000000000000 0.000000000000000 0.000000000000000 0.000000000000000
1686284083.057470 21.190583815930101 5.504498811335352 3.646758271061686 0.000000000000000 0.000000000000000 0.000000000000000 0.000000000000000
1686284083.286901 20.697082106501878 5.254377227837104 3.589172797709270 0.000000000000000 0.000000000000000 0.000000000000000 0.000000000000000
1686284083.519430 20.197094335239420 5.020383997321741 3.530489303324572 0.000000000000000 0.000000000000000 0.000000000000000 0.000000000000000
1686284083.749481 19.698822917962353 4.833333675442634 3.469443301233337 0.000000000000000 0.000000000000000 0.000000000000000 0.000000000000000
1686284083.981361 19.182657168967047 4.693074688492112 3.414100770465264 0.000000000000000 0.000000000000000 0.000000000000000 0.000000000000000
1686284084.211385 18.676270784516419 4.565993262832844 3.347815298019851 0.000000000000000 0.000000000000000 0.000000000000000 0.000000000000000
1686284084.442614 18.151601093473086 4.492493270996558 3.279354329545241 0.000000000000000 0.000000000000000 0.000000000000000 0.000000000000000
1686284084.672611 17.623677306737413 4.451705324031725 3.216004834851200 0.000000000000000 0.000000000000000 0.000000000000000 0.000000000000000
1686284084.905126 17.087297119863795 4.455509756682426 3.143283994043362 0.000000000000000 0.000000000000000 0.000000000000000 0.000000000000000
1686284085.135111 16.544655869768700 4.494488891087870 3.072211575628043 0.000000000000000 0.000000000000000 0.000000000000000 0.000000000000000
1686284085.366984 16.011718642563839 4.550385872375946 3.006200890468248 0.000000000000000 0.000000000000000 0.000000000000000 0.000000000000000
1686284085.596926 15.504545755222917 4.655015459114328 2.938773017180055 0.000000000000000 0.000000000000000 0.000000000000000 0.000000000000000
1686284085.829432 15.015150581684386 4.791098669049491 2.862149437127912 0.000000000000000 0.000000000000000 0.000000000000000 0.000000000000000
1686284086.059448 14.529110128441712 4.959417450905947 2.792562696764643 0.000000000000000 0.000000000000000 0.000000000000000 0.000000000000000
1686284086.290674 14.051850750894683 5.181739054424392 2.727519101556332 0.000000000000000 0.000000000000000 0.000000000000000 0.000000000000000
1686284086.521959 13.578964233628330 5.412545182974499 2.660376298228469 0.000000000000000 0.000000000000000 0.000000000000000 0.000000000000000
1686284086.753193 13.136247210193803 5.682901351666555 2.591005920135693 0.000000000000000 0.000000000000000 0.000000000000000 0.000000000000000
1686284086.983216 12.713251053419256 5.977323853172105 2.521256318855194 0.000000000000000 0.000000000000000 0.000000000000000 0.000000000000000
1686284087.214436 12.308469483493415 6.300059276450947 2.453181377303098 0.000000000000000 0.000000000000000 0.000000000000000 0.000000000000000
1686284087.444433 11.923303386034638 6.651766166610698 2.384700379170033 0.000000000000000 0.000000000000000 0.000000000000000 0.000000000000000
1686284087.676937 11.557170086684543 7.041322128618436 2.313079223881056 0.000000000000000 0.000000000000000 0.000000000000000 0.000000000000000
1686284087.906951 11.217287245423030 7.446482760438716 2.242832896068069 0.000000000000000 0.000000000000000 0.000000000000000 0.000000000000000
1686284088.139438 10.918445248091110 7.886030202626044 2.170034830414362 0.000000000000000 0.000000000000000 0.000000000000000 0.000000000000000
1686284088.369140 10.637329721811721 8.347355944724626 2.102022808740225 0.000000000000000 0.000000000000000 0.000000000000000 0.000000000000000
1686284088.600446 10.400725675861093 8.841720129884575 2.051817887643549 0.000000000000000 0.000000000000000 0.000000000000000 0.000000000000000
1686284088.830367 10.158773778691607 9.334110125958720 2.045624363406207 0.000000000000000 0.000000000000000 0.000000000000000 0.000000000000000
1686284089.062875 9.922004148925710 9.823362991790370 2.048189861142432 0.000000000000000 0.000000000000000 0.000000000000000 0.000000000000000
1686284089.292865 9.672964994780394 10.316882372307109 2.052710568525863 0.000000000000000 0.000000000000000 0.000000000000000 0.000000000000000
1686284089.525368 9.400465553658250 10.786244715048738 2.063083816163666 0.000000000000000 0.000000000000000 0.000000000000000 0.000000000000000
1686284089.755411 9.145069890146383 11.268771329969251 2.041742193754680 0.000000000000000 0.000000000000000 0.000000000000000 0.000000000000000
1686284089.986652 8.927239992497892 11.759698015665069 1.991109878902959 0.000000000000000 0.000000000000000 0.000000000000000 0.000000000000000
1686284090.216614 8.731799971983477 12.221840850685162 1.936208782243821 0.000000000000000 0.000000000000000 0.000000000000000 0.000000000000000
1686284090.449142 8.617323599004685 12.693707745583801 1.850518762324811 0.000000000000000 0.000000000000000 0.000000000000000 0.000000000000000
1686284090.679198 8.493648934562355 13.190361737863753 1.764756711138910 0.000000000000000 0.000000000000000 0.000000000000000 0.000000000000000
1686284090.910421 8.438441030309631 13.712131485961066 1.682067410613032 0.000000000000000 0.000000000000000 0.000000000000000 0.000000000000000
1686284091.142011 8.409632998368011 14.237584687660846 1.591392142822002 0.000000000000000 0.000000000000000 0.000000000000000 0.000000000000000
1686284091.373247 8.451784874634875 14.766249186361556 1.490311682851382 0.000000000000000 0.000000000000000 0.000000000000000 0.000000000000000
1686284091.603252 8.545775889078921 15.300613907256350 1.399636942757292 0.000000000000000 0.000000000000000 0.000000000000000 0.000000000000000
1686284091.834502 8.671291163501044 15.832431418932170 1.308891183590474 0.000000000000000 0.000000000000000 0.000000000000000 0.000000000000000
1686284092.064591 8.842267327896554 16.343157457026919 1.213642325798274 0.000000000000000 0.000000000000000 0.000000000000000 0.000000000000000
1686284092.298257 9.061669518770536 16.838142823065660 1.113290086554993 0.000000000000000 0.000000000000000 0.000000000000000 0.000000000000000
1686284092.526992 9.333892271269688 17.298131269269334 1.017461373967513 0.000000000000000 0.000000000000000 0.000000000000000 0.000000000000000
1686284092.758276 9.648235595753981 17.733226570704630 0.919799727245389 0.000000000000000 0.000000000000000 0.000000000000000 0.000000000000000
1686284092.989494 10.013147474601004 18.144876042342169 0.821420997420438 0.000000000000000 0.000000000000000 0.000000000000000 0.000000000000000
1686284093.220767 10.401910429901701 18.532104818152426 0.720412911039250 0.000000000000000 0.000000000000000 0.000000000000000 0.000000000000000
1686284093.450771 10.846605702635582 18.834682688754167 0.620439214434724 0.000000000000000 0.000000000000000 0.000000000000000 0.000000000000000
1686284093.683241 11.296415828472252 19.150137616905518 0.517624519479108 0.000000000000000 0.000000000000000 0.000000000000000 0.000000000000000
1686284093.913240 11.803484714560549 19.377582601796611 0.425275362485090 0.000000000000000 0.000000000000000 0.000000000000000 0.000000000000000
1686284094.144497 12.311859954616271 19.581943043888636 0.313866545190630 0.000000000000000 0.000000000000000 0.000000000000000 0.000000000000000
1686284094.374511 12.845963353856591 19.695091775431379 0.214022456630279 0.000000000000000 0.000000000000000 0.000000000000000 0.000000000000000
1686284094.608245 13.384298598040971 19.761958610439816 0.111806946675102 0.000000000000000 0.000000000000000 0.000000000000000 0.000000000000000
1686284094.837000 13.921767215724055 19.790626379852092 0.011283548371687 0.000000000000000 0.000000000000000 0.000000000000000 0.000000000000000
1686284095.068269 14.458179460668992 19.759770998190408 -0.086556747057213 0.000000000000000 0.000000000000000 0.000000000000000 0.000000000000000
1686284095.266996 14.941452984380927 19.699045414214375 -0.171704231114538 0.000000000000000 0.000000000000000 0.000000000000000 0.000000000000000
1686284095.496942 15.481166748801112 19.562804048862532 -0.263307500968922 0.000000000000000 0.000000000000000 0.000000000000000 0.000000000000000
1686284095.728250 16.011955720684341 19.423092623683125 -0.296864884292409 0.000000000000000 0.000000000000000 0.000000000000000 0.000000000000000
1686284095.959560 16.528447099360381 19.268665317661032 -0.288297600100498 0.000000000000000 0.000000000000000 0.000000000000000 0.000000000000000
1686284096.190748 17.046595770683645 19.115209252241446 -0.284626847233340 0.000000000000000 0.000000000000000 0.000000000000000 0.000000000000000
1686284096.420747 17.581592884516731 18.963976227952582 -0.278213194122831 0.000000000000000 0.000000000000000 0.000000000000000 0.000000000000000
1686284096.653261 18.107966898443259 18.814541603372611 -0.309281906248334 0.000000000000000 0.000000000000000 0.000000000000000 0.000000000000000
1686284096.883240 18.594480124007401 18.620696320163425 -0.401637264154930 0.000000000000000 0.000000000000000 0.000000000000000 0.000000000000000
1686284097.117010 19.072046139056223 18.375894785103313 -0.491006520641506 0.000000000000000 0.000000000000000 0.000000000000000 0.000000000000000
1686284097.344514 19.530980720103273 18.077781699726145 -0.583823047736951 0.000000000000000 0.000000000000000 0.000000000000000 0.000000000000000
1686284097.580024 19.962368168209888 17.762187573971381 -0.671667468962135 0.000000000000000 0.000000000000000 0.000000000000000 0.000000000000000
1686284097.806487 20.351114669526687 17.403380318935824 -0.759567332649024 0.000000000000000 0.000000000000000 0.000000000000000 0.000000000000000
1686284098.038957 20.720349958696243 17.002123289132747 -0.845044703417705 0.000000000000000 0.000000000000000 0.000000000000000 0.000000000000000
1686284098.269005 21.064956084418142 16.569546554706470 -0.920055948585834 0.000000000000000 0.000000000000000 0.000000000000000 0.000000000000000
1686284098.500225 21.393991189417243 16.110402229667162 -0.952792832478377 0.000000000000000 0.000000000000000 0.000000000000000 0.000000000000000
1686284098.731482 21.731535730481312 15.658267423814003 -0.938169870836346 0.000000000000000 0.000000000000000 0.000000000000000 0.000000000000000
1686284098.963995 22.074134063726383 15.211703056868167 -0.928594647286556 0.000000000000000 0.000000000000000 0.000000000000000 0.000000000000000
1686284099.193983 22.425217177018190 14.777117647137155 -0.897937496000694 0.000000000000000 0.000000000000000 0.000000000000000 0.000000000000000
1686284099.424918 22.769100391139954 14.345156178788907 -0.898667812560363 0.000000000000000 0.000000000000000 0.000000000000000 0.000000000000000
1686284099.656170 23.126750961960500 13.917845847759164 -0.854544575425817 0.000000000000000 0.000000000000000 0.000000000000000 0.000000000000000
1686284099.887404 23.514726781120263 13.520963181353805 -0.749414973192550 0.000000000000000 0.000000000000000 0.000000000000000 0.000000000000000
1686284100.117398 23.965978302058861 13.202710240272797 -0.629319140215639 0.000000000000000 0.000000000000000 0.000000000000000 0.000000000000000
1686284100.348615 24.437170891770254 12.915869374985670 -0.490110973935545 0.000000000000000 0.000000000000000 0.000000000000000 0.000000000000000
1686284100.578667 24.954729131980109 12.726278744315051 -0.356748044288269 0.000000000000000 0.000000000000000 0.000000000000000 0.000000000000000
1686284100.811439 25.482145599467444 12.547327589540391 -0.293301876669508 0.000000000000000 0.000000000000000 0.000000000000000 0.000000000000000
1686284101.041435 25.996779018475053 12.388504065454953 -0.226745877742011 0.000000000000000 0.000000000000000 0.000000000000000 0.000000000000000
1686284101.272859 26.506033990137308 12.323505383405912 -0.090864314830039 0.000000000000000 0.000000000000000 0.000000000000000 0.000000000000000
1686284101.502888 27.029893183013442 12.323574020039022 0.040728893832462 0.000000000000000 0.000000000000000 0.000000000000000 0.000000000000000
1686284101.735352 27.553379954421583 12.385057487425986 0.158494061821014 0.000000000000000 0.000000000000000 0.000000000000000 0.000000000000000
1686284101.964546 28.051428226027859 12.524637308977844 0.238840260107596 0.000000000000000 0.000000000000000 0.000000000000000 0.000000000000000
1686284102.197017 28.550110132690094 12.653745489182260 0.259012112602318 0.000000000000000 0.000000000000000 0.000000000000000 0.000000000000000
1686284102.426988 29.056064035913714 12.787580018355637 0.269184201295947 0.000000000000000 0.000000000000000 0.000000000000000 0.000000000000000
1686284102.659557 29.567725069268736 12.927795866928106 0.274372825629089 0.000000000000000 0.000000000000000 0.000000000000000 0.000000000000000
1686284102.889490 30.107766133239910 13.058141082605909 0.284895426447476 0.000000000000000 0.000000000000000 0.000000000000000 0.000000000000000
1686284103.120762 30.635640820638006 13.207470997724487 0.313651308447785 0.000000000000000 0.000000000000000 0.000000000000000 0.000000000000000
1686284103.350803 31.138992359885986 13.392968976449058 0.366504005012186 0.000000000000000 0.000000000000000 0.000000000000000 0.000000000000000
1686284103.583285 31.646582401274610 13.603869429377234 0.417575186771968 0.000000000000000 0.000000000000000 0.000000000000000 0.000000000000000
1686284103.813256 32.147725456898250 13.856779036405147 0.468008144042159 0.000000000000000 0.000000000000000 0.000000000000000 0.000000000000000
1686284104.044514 32.637796420644030 14.110520510023569 0.515017105048374 0.000000000000000 0.000000000000000 0.000000000000000 0.000000000000000
1686284104.274518 33.088100643168104 14.398925259002585 0.572012952824121 0.000000000000000 0.000000000000000 0.000000000000000 0.000000000000000
1686284104.506976 33.529054127564812 14.697008489796126 0.631657993914750 0.000000000000000 0.000000000000000 0.000000000000000 0.000000000000000
1686284104.737006 33.953248914555637 15.035469106018532 0.689358087459354 0.000000000000000 0.000000000000000 0.000000000000000 0.000000000000000
1686284104.968282 34.367930377046768 15.389291551108649 0.746244852081520 0.000000000000000 0.000000000000000 0.000000000000000 0.000000000000000
1686284105.199511 34.760484381158825 15.760484994161375 0.803876955254059 0.000000000000000 0.000000000000000 0.000000000000000 0.000000000000000
1686284105.430779 35.146685942694823 16.154272792677691 0.865073720597051 0.000000000000000 0.000000000000000 0.000000000000000 0.000000000000000
1686284105.662004 35.469971468076373 16.577271331852966 0.939792757599444 0.000000000000000 0.000000000000000 0.000000000000000 0.000000000000000
1686284105.893271 35.764148546261715 17.011788116035458 1.016295458395819 0.000000000000000 0.000000000000000 0.000000000000000 0.000000000000000
1686284106.123258 36.019666335684590 17.481034636575671 1.086939122174599 0.000000000000000 0.000000000000000 0.000000000000000 0.000000000000000
1686284106.354900 36.241235613399617 17.970051454633655 1.158231400552027 0.000000000000000 0.000000000000000 0.000000000000000 0.000000000000000
1686284106.584877 36.425339710093617 18.466583190329946 1.237851200669710 0.000000000000000 0.000000000000000 0.000000000000000 0.000000000000000
1686284106.817369 36.580189017235156 18.977210388716642 1.317058705072776 0.000000000000000 0.000000000000000 0.000000000000000 0.000000000000000
1686284107.048630 36.693366992301257 19.516966958578163 1.395915789060116 0.000000000000000 0.000000000000000 0.000000000000000 0.000000000000000
1686284107.279071 36.769088957762527 20.059175243193149 1.479825948452815 0.000000000000000 0.000000000000000 0.000000000000000 0.000000000000000
1686284107.509070 36.821263429247750 20.580777104155398 1.554908084187933 0.000000000000000 0.000000000000000 0.000000000000000 0.000000000000000
1686284107.740333 36.804557380793028 21.098125852806124 1.633062834456779 0.000000000000000 0.000000000000000 0.000000000000000 0.000000000000000
1686284107.971601 36.767399335184194 21.641568382913391 1.712581526549395 0.000000000000000 0.000000000000000 0.000000000000000 0.000000000000000
1686284108.202812 36.675217466456452 22.167146100961382 1.793237095628070 0.000000000000000 0.000000000000000 0.000000000000000 0.000000000000000
1686284108.432795 36.539244132059629 22.675526934675140 1.878878917425389 0.000000000000000 0.000000000000000 0.000000000000000 0.000000000000000
1686284108.665572 36.361790610147686 23.159485762257187 1.974652468865039 0.000000000000000 0.000000000000000 0.000000000000000 0.000000000000000
1686284108.929320 36.103144408884688 23.677382007981425 2.092934118710057 0.000000000000000 0.000000000000000 0.000000000000000 0.000000000000000
1686284109.193084 35.794306450854201 24.137456884737531 2.208685651266477 0.000000000000000 0.000000000000000 0.000000000000000 0.000000000000000
1686284109.456833 35.457014922529424 24.529209934220241 2.328695042920180 0.000000000000000 0.000000000000000 0.000000000000000 0.000000000000000
1686284109.753067 35.060004894182740 24.908278997743594 2.459741966425910 0.000000000000000 0.000000000000000 0.000000000000000 0.000000000000000
1686284110.050588 34.611402669696936 25.212374395352899 2.589096944785921 0.000000000000000 0.000000000000000 0.000000000000000 0.000000000000000
1686284110.346828 34.162000766978494 25.463688696272939 2.716907812644577 0.000000000000000 0.000000000000000 0.000000000000000 0.000000000000000
1686284110.676848 33.640863372181109 25.637641233442920 2.855686791095970 0.000000000000000 0.000000000000000 0.000000000000000 0.000000000000000
1686284111.008126 33.123721449908793 25.756158910944919 2.987886222976427 0.000000000000000 0.000000000000000 0.000000000000000 0.000000000000000
1686284111.336526 32.567882259748849 25.793789078514401 3.123022262345596 0.000000000000000 0.000000000000000 0.000000000000000 0.000000000000000
1686284111.635327 32.031381646845546 25.774413057867989 3.247980937187160 0.000000000000000 0.000000000000000 0.000000000000000 0.000000000000000
1686284111.931570 31.489861704848664 25.688471724792116 3.376699038707626 0.000000000000000 0.000000000000000 0.000000000000000 0.000000000000000
1686284112.229076 30.949597674633544 25.514087761410462 3.512659792817526 0.000000000000000 0.000000000000000 0.000000000000000 0.000000000000000
1686284112.492818 30.478460354469984 25.284776118871068 3.637365489846775 0.000000000000000 0.000000000000000 0.000000000000000 0.000000000000000
1686284112.756581 30.031141982473923 25.006352955076046 3.763893468455497 0.000000000000000 0.000000000000000 0.000000000000000 0.000000000000000
1686284113.020314 29.610739679507773 24.645394879189912 3.891477443951234 0.000000000000000 0.000000000000000 0.000000000000000 0.000000000000000
1686284113.285320 29.245542932304922 24.224926026723445 4.028260062074905 0.000000000000000 0.000000000000000 0.000000000000000 0.000000000000000
1686284113.549164 28.917793100507524 23.773501761548861 4.155931651172800 0.000000000000000 0.000000000000000 0.000000000000000 0.000000000000000
1686284113.812933 28.655755869330100 23.286469429518345 4.231137153573814 0.000000000000000 0.000000000000000 0.000000000000000 0.000000000000000
1686284114.076673 28.391514596810428 22.802067411242806 4.261253359358822 0.000000000000000 0.000000000000000 0.000000000000000 0.000000000000000
1686284114.340412 28.138779469212682 22.319951462208458 4.263706843351733 0.000000000000000 0.000000000000000 0.000000000000000 0.000000000000000
1686284114.605415 27.878970559637736 21.836150398031855 4.267131502145964 0.000000000000000 0.000000000000000 0.000000000000000 0.000000000000000
1686284114.869182 27.619605702193248 21.357068642710704 4.268194093272991 0.000000000000000 0.000000000000000 0.000000000000000 0.000000000000000
1686284115.132907 27.384696812541264 20.855141632077427 4.261938995768888 0.000000000000000 0.000000000000000 0.000000000000000 0.000000000000000
1686284115.362927 27.131919772265917 20.432782032755952 4.227111272750513 0.000000000000000 0.000000000000000 0.000000000000000 0.000000000000000
1686284115.626661 26.866667903705213 19.935034090222040 4.195280960306414 0.000000000000000 0.000000000000000 0.000000000000000 0.000000000000000
1686284115.859164 26.598179778429706 19.509516694587440 4.177693033561687 0.000000000000000 0.000000000000000 0.000000000000000 0.000000000000000
1686284116.089159 26.343834002524396 19.074079039921713 4.183680150792985 0.000000000000000 0.000000000000000 0.000000000000000 0.000000000000000
1686284116.320412 26.087253168189797 18.642995368446979 4.172711161256256 0.000000000000000 0.000000000000000 0.000000000000000 0.000000000000000
1686284116.551429 25.812278437616051 18.229673655300402 4.127390261530726 0.000000000000000 0.000000000000000 0.000000000000000 0.000000000000000
1686284116.782660 25.516204134491581 17.830693580704345 4.085687180621572 0.000000000000000 0.000000000000000 0.000000000000000 0.000000000000000
1686284117.012638 25.206675317397313 17.433672985734876 4.040771479614273 0.000000000000000 0.000000000000000 0.000000000000000 0.000000000000000
1686284117.245166 24.875444398829732 17.049909029325477 3.997784518030678 0.000000000000000 0.000000000000000 0.000000000000000 0.000000000000000
1686284117.475118 24.531835244848104 16.689544679840729 3.931972480477032 0.000000000000000 0.000000000000000 0.000000000000000 0.000000000000000
1686284117.706392 24.144090007176370 16.360945770195023 3.859573477630949 0.000000000000000 0.000000000000000 0.000000000000000 0.000000000000000
1686284117.936404 23.752480230029704 16.038596449401485 3.790261814690377 0.000000000000000 0.000000000000000 0.000000000000000 0.000000000000000
1686284118.168939 23.330582845800027 15.756056554819860 3.721255280226866 0.000000000000000 0.000000000000000 0.000000000000000 0.000000000000000
1686284118.398900 22.905544974427620 15.486599330353707 3.652776155911988 0.000000000000000 0.000000000000000 0.000000000000000 0.000000000000000
1686284118.631382 22.461584323685948 15.259497630731266 3.582583272401307 0.000000000000000 0.000000000000000 0.000000000000000 0.000000000000000
1686284118.861426 21.998289632265902 15.053494178358543 3.515070965846761 0.000000000000000 0.000000000000000 0.000000000000000 0.000000000000000
1686284119.092657 21.518641080346207 14.903656444737653 3.442887279626207 0.000000000000000 0.000000000000000 0.000000000000000 0.000000000000000
1686284119.322675 21.028714331454815 14.781693659145526 3.371091370638120 0.000000000000000 0.000000000000000 0.000000000000000 0.000000000000000
1686284119.555181 20.530498089710207 14.704021577221226 3.299929410649606 0.000000000000000 0.000000000000000 0.000000000000000 0.000000000000000
1686284119.785252 20.031234998156442 14.659085196204526 3.232016725592488 0.000000000000000 0.000000000000000 0.000000000000000 0.000000000000000
1686284120.016500 19.540691429839363 14.626288778209929 3.181979797037469 0.000000000000000 0.000000000000000 0.000000000000000 0.000000000000000
1686284120.246542 19.041923403075369 14.614191188078482 3.162786403129348 0.000000000000000 0.000000000000000 0.000000000000000 0.000000000000000
1686284120.479028 18.531267341989071 14.575614329819352 3.169757031930804 0.000000000000000 0.000000000000000 0.000000000000000 0.000000000000000
1686284120.708572 18.023945260182106 14.566298561879101 3.173945478423896 0.000000000000000 0.000000000000000 0.000000000000000 0.000000000000000
1686284120.941087 17.517575066809009 14.530605227084173 3.174517582017802 0.000000000000000 0.000000000000000 0.000000000000000 0.000000000000000
1686284121.171098 17.002307373240242 14.501114112141845 3.166127131392095 0.000000000000000 0.000000000000000 0.000000000000000 0.000000000000000
1686284121.402331 16.504031272171080 14.512849469094160 3.118387961449732 0.000000000000000 0.000000000000000 0.000000000000000 0.000000000000000
1686284121.633578 16.006081554121952 14.532603417542646 3.053659502231007 0.000000000000000 0.000000000000000 0.000000000000000 0.000000000000000
1686284121.864845 15.502648750807591 14.603300151363797 2.991692335607394 0.000000000000000 0.000000000000000 0.000000000000000 0.000000000000000
1686284122.094383 15.007582232448616 14.698104785125690 2.922037028708798 0.000000000000000 0.000000000000000 0.000000000000000 0.000000000000000
1686284122.326871 14.514207757865373 14.836475995527962 2.836657397028725 0.000000000000000 0.000000000000000 0.000000000000000 0.000000000000000
1686284122.556874 14.056523607309474 15.027851575835943 2.727273567187667 0.000000000000000 0.000000000000000 0.000000000000000 0.000000000000000
1686284122.788583 13.626257472778031 15.259974024801728 2.618996856527214 0.000000000000000 0.000000000000000 0.000000000000000 0.000000000000000
1686284123.018596 13.212487896938523 15.528319088379764 2.508757230097022 0.000000000000000 0.000000000000000 0.000000000000000 0.000000000000000
1686284123.251089 12.808059587958475 15.852449754976389 2.402005775673739 0.000000000000000 0.000000000000000 0.000000000000000 0.000000000000000
1686284123.481133 12.446956556456602 16.223423362110882 2.293584828875873 0.000000000000000 0.000000000000000 0.000000000000000 0.000000000000000
1686284123.712379 12.132974032332555 16.635756026472460 2.183323045776539 0.000000000000000 0.000000000000000 0.000000000000000 0.000000000000000
1686284123.942365 11.866635623513558 17.054773917146385 2.069285813534159 0.000000000000000 0.000000000000000 0.000000000000000 0.000000000000000
1686284124.174883 11.653106281515761 17.511472269286479 1.964522514411314 0.000000000000000 0.000000000000000 0.000000000000000 0.000000000000000
1686284124.406131 11.473442394083671 17.993116102730113 1.854856609563655 0.000000000000000 0.000000000000000 0.000000000000000 0.000000000000000
1686284124.637358 11.331289765028195 18.494499175418973 1.744836147703204 0.000000000000000 0.000000000000000 0.000000000000000 0.000000000000000
1686284124.867141 11.267357860951687 19.015572575194884 1.636330369276519 0.000000000000000 0.000000000000000 0.000000000000000 0.000000000000000
1686284125.098344 11.253729900061554 19.542176035219455 1.517980023705683 0.000000000000000 0.000000000000000 0.000000000000000 0.000000000000000
1686284125.329232 11.280563726984514 20.080891910778963 1.412693077574793 0.000000000000000 0.000000000000000 0.000000000000000 0.000000000000000
1686284125.560501 11.429453977345950 20.594480265784043 1.300318605711050 0.000000000000000 0.000000000000000 0.000000000000000 0.000000000000000
1686284125.790733 11.590906008026634 21.096518291086536 1.167110359514852 0.000000000000000 0.000000000000000 0.000000000000000 0.000000000000000
1686284126.023225 11.837594028911603 21.561222292065992 1.025069914419935 0.000000000000000 0.000000000000000 0.000000000000000 0.000000000000000
1686284126.253254 12.131965703363878 21.981283897663527 0.886569621746799 0.000000000000000 0.000000000000000 0.000000000000000 0.000000000000000
1686284126.484468 12.503227825248084 22.357777723583027 0.747951096022551 0.000000000000000 0.000000000000000 0.000000000000000 0.000000000000000
1686284126.714881 12.907702508386031 22.696485051199524 0.624333313164507 0.000000000000000 0.000000000000000 0.000000000000000 0.000000000000000
1686284126.947386 13.350162274708252 22.990448601268341 0.548888114766480 0.000000000000000 0.000000000000000 0.000000000000000 0.000000000000000
1686284127.177387 13.808776707721925 23.271318230414899 0.484635901627370 0.000000000000000 0.000000000000000 0.000000000000000 0.000000000000000
1686284127.408625 14.259806936615828 23.509941181678947 0.387971573944779 0.000000000000000 0.000000000000000 0.000000000000000 0.000000000000000
1686284127.638622 14.737346195563889 23.648759938845217 0.281709753474799 0.000000000000000 0.000000000000000 0.000000000000000 0.000000000000000
1686284127.871156 15.244614952864247 23.779182361396948 0.175627507494032 0.000000000000000 0.000000000000000 0.000000000000000 0.000000000000000
1686284128.100666 15.769367242838927 23.831283717172148 0.073211332470379 0.000000000000000 0.000000000000000 0.000000000000000 0.000000000000000
1686284128.333107 16.282961859404864 23.845870784884859 -0.027353212405382 0.000000000000000 0.000000000000000 0.000000000000000 0.000000000000000
1686284128.563138 16.814453355283163 23.826472378320133 -0.089220006068223 0.000000000000000 0.000000000000000 0.000000000000000 0.000000000000000
1686284128.794418 17.349511170032571 23.774063797042874 -0.105470013233502 0.000000000000000 0.000000000000000 0.000000000000000 0.000000000000000
1686284129.024366 17.879771603772046 23.743266186524146 -0.114242877465611 0.000000000000000 0.000000000000000 0.000000000000000 0.000000000000000
1686284129.256872 18.411657565989426 23.688876401725992 -0.118426227735325 0.000000000000000 0.000000000000000 0.000000000000000 0.000000000000000
1686284129.486867 18.936713494450963 23.627447069060867 -0.135413309032064 0.000000000000000 0.000000000000000 0.000000000000000 0.000000000000000
1686284129.719357 19.467709262187370 23.565151412841580 -0.151909715302883 0.000000000000000 0.000000000000000 0.000000000000000 0.000000000000000
1686284129.949432 19.989919796552872 23.479232261762647 -0.186679206579131 0.000000000000000 0.000000000000000 0.000000000000000 0.000000000000000
1686284130.181858 20.503102058491770 23.375712036452573 -0.220726579971887 0.000000000000000 0.000000000000000 0.000000000000000 0.000000000000000
1686284130.410687 21.018308259498621 23.265423618103458 -0.225421980938332 0.000000000000000 0.000000000000000 0.000000000000000 0.000000000000000
1686284130.644402 21.540047670996188 23.164424677852097 -0.219748194517941 0.000000000000000 0.000000000000000 0.000000000000000 0.000000000000000
1686284130.873108 22.049538733303184 23.051497129056131 -0.229292547319091 0.000000000000000 0.000000000000000 0.000000000000000 0.000000000000000
1686284131.106864 22.562974819995855 22.958152631699686 -0.241756510998758 0.000000000000000 0.000000000000000 0.000000000000000 0.000000000000000
1686284131.334368 23.072041723953173 22.799378427820720 -0.282627952778032 0.000000000000000 0.000000000000000 0.000000000000000 0.000000000000000
1686284131.566880 23.589115608183320 22.667688609007726 -0.321402419639718 0.000000000000000 0.000000000000000 0.000000000000000 0.000000000000000
1686284131.796866 24.088741948309693 22.477794073341375 -0.362702749776802 0.000000000000000 0.000000000000000 0.000000000000000 0.000000000000000
1686284132.029368 24.593866180060211 22.276900731976564 -0.405151774844018 0.000000000000000 0.000000000000000 0.000000000000000 0.000000000000000
1686284132.259369 25.086598616388891 22.051199350796203 -0.450807241572664 0.000000000000000 0.000000000000000 0.000000000000000 0.000000000000000
1686284132.491869 25.569069445895302 21.814281745025369 -0.495311755298031 0.000000000000000 0.000000000000000 0.000000000000000 0.000000000000000
1686284132.720635 26.046323847991445 21.566014504212355 -0.524048851100531 0.000000000000000 0.000000000000000 0.000000000000000 0.000000000000000
1686284132.953129 26.523053267560595 21.321063644425987 -0.516584127348109 0.000000000000000 0.000000000000000 0.000000000000000 0.000000000000000
1686284133.183121 26.998317683234518 21.067714803945631 -0.514603029011325 0.000000000000000 0.000000000000000 0.000000000000000 0.000000000000000
1686284133.414903 27.465954474698808 20.806380392962822 -0.548411590843506 0.000000000000000 0.000000000000000 0.000000000000000 0.000000000000000
1686284133.644906 27.909150324815425 20.508996862571909 -0.609173500965260 0.000000000000000 0.000000000000000 0.000000000000000 0.000000000000000
1686284133.877421 28.320252144012024 20.194977994856156 -0.665041506253356 0.000000000000000 0.000000000000000 0.000000000000000 0.000000000000000
1686284134.107427 28.714526505090078 19.862566124073428 -0.723664308400170 0.000000000000000 0.000000000000000 0.000000000000000 0.000000000000000
1686284134.339043 29.113172590489548 19.508429507026253 -0.773579973653182 0.000000000000000 0.000000000000000 0.000000000000000 0.000000000000000
1686284134.569026 29.494086706664323 19.123299334232581 -0.812518206623956 0.000000000000000 0.000000000000000 0.000000000000000 0.000000000000000
1686284134.800825 29.873607092348063 18.746003899910423 -0.859061078417973 0.000000000000000 0.000000000000000 0.000000000000000 0.000000000000000
1686284135.030783 30.220935110284167 18.330759844066126 -0.879287501962187 0.000000000000000 0.000000000000000 0.000000000000000 0.000000000000000
1686284135.263356 30.581054455537934 17.929332584459889 -0.893459136673874 0.000000000000000 0.000000000000000 0.000000000000000 0.000000000000000
1686284135.493360 30.921659147749981 17.514455184567524 -0.892802197512853 0.000000000000000 0.000000000000000 0.000000000000000 0.000000000000000
1686284135.724532 31.260884125221036 17.106239824056054 -0.903969032200690 0.000000000000000 0.000000000000000 0.000000000000000 0.000000000000000
1686284135.954622 31.591945949423810 16.684935036311906 -0.941301833093479 0.000000000000000 0.000000000000000 0.000000000000000 0.000000000000000
1686284136.187071 31.913794584469088 16.247177169859825 -0.946541227972375 0.000000000000000 0.000000000000000 0.000000000000000 0.000000000000000
1686284136.417135 32.256730904394111 15.837240016306037 -0.940156298175875 0.000000000000000 0.000000000000000 0.000000000000000 0.000000000000000
1686284136.649367 32.585117534260668 15.411461530135568 -0.937945001997857 0.000000000000000 0.000000000000000 0.000000000000000 0.000000000000000
1686284136.879391 32.919102325813583 14.993497521623455 -0.936640989822949 0.000000000000000 0.000000000000000 0.000000000000000 0.000000000000000
1686284137.110636 33.251220711678179 14.567316551468579 -0.942259351294210 0.000000000000000 0.000000000000000 0.000000000000000 0.000000000000000
1686284137.340630 33.583293954507873 14.136821514890075 -0.955928197689956 0.000000000000000 0.000000000000000 0.000000000000000 0.000000000000000
1686284137.573138 33.880503085004712 13.694863252102193 -0.987971106618313 0.000000000000000 0.000000000000000 0.000000000000000 0.000000000000000
1686284137.803149 34.170782791630778 13.241088008669859 -1.031135291810507 0.000000000000000 0.000000000000000 0.000000000000000 0.000000000000000
1686284138.035384 34.452592481638000 12.781559973584033 -1.076941763512793 0.000000000000000 0.000000000000000 0.000000000000000 0.000000000000000
1686284138.265404 34.716264583122602 12.315379582084311 -1.121599509726697 0.000000000000000 0.000000000000000 0.000000000000000 0.000000000000000
1686284138.496629 34.942303086231568 11.815712061491872 -1.173014974084835 0.000000000000000 0.000000000000000 0.000000000000000 0.000000000000000
1686284138.726625 35.152699360601218 11.316500623063742 -1.226734155979553 0.000000000000000 0.000000000000000 0.000000000000000 0.000000000000000
1686284138.959183 35.338383817274078 10.805693662050752 -1.283675863562359 0.000000000000000 0.000000000000000 0.000000000000000 0.000000000000000
1686284139.189133 35.496671413400286 10.279776102053196 -1.331525973075778 0.000000000000000 0.000000000000000 0.000000000000000 0.000000000000000
1686284139.420370 35.629117595942724 9.752716061666924 -1.360565640689669 0.000000000000000 0.000000000000000 0.000000000000000 0.000000000000000
1686284139.652900 35.773587518366689 9.223308052567761 -1.352068784118526 0.000000000000000 0.000000000000000 0.000000000000000 0.000000000000000
1686284139.882876 35.899468957703455 8.690595501281212 -1.350098376318980 0.000000000000000 0.000000000000000 0.000000000000000 0.000000000000000
1686284140.112905 36.038730350974411 8.166446613254534 -1.365314783378097 0.000000000000000 0.000000000000000 0.000000000000000 0.000000000000000
1686284140.345382 36.151937789937236 7.635573334500666 -1.393512675005107 0.000000000000000 0.000000000000000 0.000000000000000 0.000000000000000
1686284140.575400 36.253244023014048 7.109976357184031 -1.438128344611339 0.000000000000000 0.000000000000000 0.000000000000000 0.000000000000000
1686284140.806643 36.317095817112289 6.583780082268881 -1.485110182764568 0.000000000000000 0.000000000000000 0.000000000000000 0.000000000000000
1686284141.036626 36.376418445187859 6.062791368453224 -1.531759965342489 0.000000000000000 0.000000000000000 0.000000000000000 0.000000000000000
1686284141.269130 36.400561775023654 5.535241601138360 -1.580408544753233 0.000000000000000 0.000000000000000 0.000000000000000 0.000000000000000
1686284141.499147 36.396132872452561 5.007991067785325 -1.628010989996134 0.000000000000000 0.000000000000000 0.000000000000000 0.000000000000000
1686284141.730473 36.372086295025468 4.483647492530949 -1.689302979804152 0.000000000000000 0.000000000000000 0.000000000000000 0.000000000000000
1686284141.960506 36.283430731066041 3.949614610787636 -1.754342091597354 0.000000000000000 0.000000000000000 0.000000000000000 0.000000000000000
1686284142.193010 36.182103452339554 3.423619423526308 -1.826942944419788 0.000000000000000 0.000000000000000 0.000000000000000 0.000000000000000
1686284142.422974 36.043979643786642 2.920347596662118 -1.894276218428166 0.000000000000000 0.000000000000000 0.000000000000000 0.000000000000000
1686284142.655501 35.880254318231486 2.419342628079644 -1.965020136618261 0.000000000000000 0.000000000000000 0.000000000000000 0.000000000000000
1686284142.885483 35.675654429021556 1.935757015410351 -2.035548898622521 0.000000000000000 0.000000000000000 0.000000000000000 0.000000000000000
1686284143.118008 35.430619671557110 1.463613245198850 -2.109366092470341 0.000000000000000 0.000000000000000 0.000000000000000 0.000000000000000
1686284143.347749 35.145491495316911 1.010723873909628 -2.166387761781571 0.000000000000000 0.000000000000000 0.000000000000000 0.000000000000000
1686284143.578197 34.869041216768977 0.566663264645996 -2.186220615734696 0.000000000000000 0.000000000000000 0.000000000000000 0.000000000000000
1686284143.809445 34.590095797168047 0.115621942976329 -2.176684034235074 0.000000000000000 0.000000000000000 0.000000000000000 0.000000000000000
1686284144.040626 34.297119493950859 -0.330024639523218 -2.184688718010284 0.000000000000000 0.000000000000000 0.000000000000000 0.000000000000000
1686284144.270636 34.001460405246860 -0.772523920565831 -2.226315476182431 0.000000000000000 0.000000000000000 0.000000000000000 0.000000000000000
1686284144.503181 33.654849535547868 -1.164346327996787 -2.295716360321741 0.000000000000000 0.000000000000000 0.000000000000000 0.000000000000000
1686284144.733147 33.302601578975342 -1.554464372713060 -2.357704604526673 0.000000000000000 0.000000000000000 0.000000000000000 0.000000000000000
1686284144.964393 32.915377756951017 -1.921006269185790 -2.421667041808930 0.000000000000000 0.000000000000000 0.000000000000000 0.000000000000000
1686284145.194394 32.515852985701059 -2.269619565897530 -2.487345108962924 0.000000000000000 0.000000000000000 0.000000000000000 0.000000000000000
1686284145.427395 32.084879002615175 -2.597007768769386 -2.553882973964787 0.000000000000000 0.000000000000000 0.000000000000000 0.000000000000000
1686284145.658647 31.618021447091223 -2.889556042796961 -2.617712162826596 0.000000000000000 0.000000000000000 0.000000000000000 0.000000000000000
1686284145.888634 31.155331824584344 -3.158810612043073 -2.684574595108452 0.000000000000000 0.000000000000000 0.000000000000000 0.000000000000000
1686284146.119878 30.675468461494233 -3.381030218112533 -2.749118690914293 0.000000000000000 0.000000000000000 0.000000000000000 0.000000000000000
1686284146.351161 30.190844729340938 -3.583913336789955 -2.814631640781042 0.000000000000000 0.000000000000000 0.000000000000000 0.000000000000000
1686284146.581128 29.693955320767465 -3.752475291181490 -2.876633767868485 0.000000000000000 0.000000000000000 0.000000000000000 0.000000000000000
1686284146.813090 29.186897345330106 -3.904601802810417 -2.944516938616147 0.000000000000000 0.000000000000000 0.000000000000000 0.000000000000000
1686284147.043084 28.679348984856077 -4.002776993880762 -3.009634063536607 0.000000000000000 0.000000000000000 0.000000000000000 0.000000000000000
1686284147.274472 28.167465513948279 -4.076139737581869 -3.073682872253720 0.000000000000000 0.000000000000000 0.000000000000000 0.000000000000000
1686284147.504450 27.649591276852128 -4.112156070756072 -3.138662739546353 0.000000000000000 0.000000000000000 0.000000000000000 0.000000000000000
1686284147.736570 27.128616027214548 -4.128344227435653 -3.202621190822031 0.000000000000000 0.000000000000000 0.000000000000000 0.000000000000000
1686284147.966582 26.612597764008246 -4.094660850889175 -3.263637782142230 0.000000000000000 0.000000000000000 0.000000000000000 0.000000000000000
1686284148.199063 26.097575705869854 -4.046915579079776 -3.330112986866132 0.000000000000000 0.000000000000000 0.000000000000000 0.000000000000000
1686284148.429060 25.586026437196530 -3.939021884865046 -3.397544471488565 0.000000000000000 0.000000000000000 0.000000000000000 0.000000000000000
1686284148.661556 25.086570907641121 -3.819735830706447 -3.457885854231546 0.000000000000000 0.000000000000000 0.000000000000000 0.000000000000000
1686284148.890316 24.598671336334419 -3.636560098189404 -3.516216967088444 0.000000000000000 0.000000000000000 0.000000000000000 0.000000000000000
1686284149.122821 24.097969920491071 -3.467977792049327 -3.522035708539831 0.000000000000000 0.000000000000000 0.000000000000000 0.000000000000000
1686284149.353601 23.611675748910169 -3.290886717850888 -3.516093618884893 0.000000000000000 0.000000000000000 0.000000000000000 0.000000000000000
1686284149.584821 23.120730289010357 -3.149640806344983 -3.494858803678280 0.000000000000000 0.000000000000000 0.000000000000000 0.000000000000000
1686284149.848613 22.589899635768571 -2.972859345578915 -3.475610345912945 0.000000000000000 0.000000000000000 0.000000000000000 0.000000000000000
1686284150.112332 22.040657295957004 -2.805143328420884 -3.445232875432759 0.000000000000000 0.000000000000000 0.000000000000000 0.000000000000000
1686284150.343582 21.542188145357120 -2.687726545730865 -3.407329930966169 0.000000000000000 0.000000000000000 0.000000000000000 0.000000000000000
1686284150.574830 21.046396082005881 -2.585144272280372 -3.385443514746971 0.000000000000000 0.000000000000000 0.000000000000000 0.000000000000000
1686284150.838603 20.497693266721889 -2.464269222003498 -3.406207521193935 0.000000000000000 0.000000000000000 0.000000000000000 0.000000000000000
1686284151.102372 19.963960749554865 -2.323543016911260 -3.496011782233732 0.000000000000000 0.000000000000000 0.000000000000000 0.000000000000000
1686284151.332302 19.511540847062417 -2.132452670651531 -3.616913072273163 0.000000000000000 0.000000000000000 0.000000000000000 0.000000000000000
1686284151.565161 19.085556264670444 -1.870550739101255 -3.747940274156634 0.000000000000000 0.000000000000000 0.000000000000000 0.000000000000000
1686284151.795143 18.684391843662311 -1.556149566454192 -3.880524057425233 0.000000000000000 0.000000000000000 0.000000000000000 0.000000000000000
1686284152.026381 18.333887423595090 -1.186843026964473 -4.039189257691669 0.000000000000000 0.000000000000000 0.000000000000000 0.000000000000000
1686284152.256412 18.034065954755057 -0.761006418815840 -4.209239316617777 0.000000000000000 0.000000000000000 0.000000000000000 0.000000000000000
1686284152.488882 17.814991263307743 -0.289132533758896 -4.404234315805580 0.000000000000000 0.000000000000000 0.000000000000000 0.000000000000000
1686284152.718889 17.694860730443175 0.190100444671944 -4.612790069876977 0.000000000000000 0.000000000000000 0.000000000000000 0.000000000000000
1686284152.951391 17.697727295039218 0.662951073142483 -4.829035974167723 0.000000000000000 0.000000000000000 0.000000000000000 0.000000000000000
1686284153.181386 17.797490318064057 1.117320075361080 -5.048120805421365 0.000000000000000 0.000000000000000 0.000000000000000 0.000000000000000
1686284153.413902 17.988729322437621 1.547913629823237 -5.255921496443879 0.000000000000000 0.000000000000000 0.000000000000000 0.000000000000000
1686284153.643886 18.248467830105838 1.934798325501269 -5.416691696774453 0.000000000000000 0.000000000000000 0.000000000000000 0.000000000000000
1686284153.874899 18.560246628802457 2.289077654687508 -5.551717263123964 0.000000000000000 0.000000000000000 0.000000000000000 0.000000000000000
1686284154.104884 18.932669150519349 2.586981761466161 -5.682348150187293 0.000000000000000 0.000000000000000 0.000000000000000 0.000000000000000
1686284154.368655 19.388157636442394 2.896650825082627 -5.761263222246097 0.000000000000000 0.000000000000000 0.000000000000000 0.000000000000000
1686284154.633628 19.844105082149600 3.194579624034445 -5.772020752180564 0.000000000000000 0.000000000000000 0.000000000000000 0.000000000000000
1686284154.897404 20.288685883694068 3.471105455152632 -5.828504114623573 0.000000000000000 0.000000000000000 0.000000000000000 0.000000000000000
1686284155.161976 20.756249503590915 3.688325042362902 -5.944605941355200 0.000000000000000 0.000000000000000 0.000000000000000 0.000000000000000
1686284155.424498 21.254533696580232 3.855904442700677 -6.054527762037946 0.000000000000000 0.000000000000000 0.000000000000000 0.000000000000000
1686284155.689560 21.771725494948733 3.959664128185261 -6.170908123584688 0.000000000000000 0.000000000000000 0.000000000000000 0.000000000000000
1686284155.953322 22.303241670972817 4.027068048352113 -6.281795908717529 0.000000000000000 0.000000000000000 0.000000000000000 0.000000000000000
1686284156.217035 22.803992119363922 3.996433783292839 -6.457940054968286 0.000000000000000 0.000000000000000 0.000000000000000 0.000000000000000
1686284156.480571 23.306654103780549 3.889582291973166 -6.658397449607038 0.000000000000000 0.000000000000000 0.000000000000000 0.000000000000000
1686284156.713074 23.730074256288315 3.704072163991746 -6.835085362257875 0.000000000000000 0.000000000000000 0.000000000000000 0.000000000000000
1686284156.943123 24.127402317807892 3.442068153770361 -7.011196288303021 0.000000000000000 0.000000000000000 0.000000000000000 0.000000000000000
1686284157.175640 24.477489012364373 3.119412854628226 -7.186466588820837 0.000000000000000 0.000000000000000 0.000000000000000 0.000000000000000
1686284157.404418 24.766033612581417 2.715782274637920 -7.297376483116886 0.000000000000000 0.000000000000000 0.000000000000000 0.000000000000000
1686284157.636822 25.061395655812291 2.303143483088084 -7.321528774562677 0.000000000000000 0.000000000000000 0.000000000000000 0.000000000000000
1686284157.900559 25.391099381180453 1.849223483671494 -7.320913575835639 0.000000000000000 0.000000000000000 0.000000000000000 0.000000000000000
1686284158.165050 25.674278978698155 1.391894854571669 -7.296127331409091 0.000000000000000 0.000000000000000 0.000000000000000 0.000000000000000
1686284158.428807 26.028862566369938 0.978099460579879 -7.207137355392402 0.000000000000000 0.000000000000000 0.000000000000000 0.000000000000000
1686284158.692629 26.423256821884475 0.587124018004829 -7.099742097837873 0.000000000000000 0.000000000000000 0.000000000000000 0.000000000000000
1686284158.956360 26.849175306128441 0.257700402557481 -6.992193733438160 0.000000000000000 0.000000000000000 0.000000000000000 0.000000000000000
1686284159.221366 27.297979760421956 -0.035147079236344 -6.863328027826296 0.000000000000000 0.000000000000000 0.000000000000000 0.000000000000000
1686284159.485134 27.782233390108662 -0.233686027163721 -6.709970899959466 0.000000000000000 0.000000000000000 0.000000000000000 0.000000000000000
1686284159.748866 28.293200653792571 -0.356253839709293 -6.545581678269901 0.000000000000000 0.000000000000000 0.000000000000000 0.000000000000000
1686284160.013200 28.810385761360450 -0.415567014826436 -6.384042039526196 0.000000000000000 0.000000000000000 0.000000000000000 0.000000000000000
1686284160.308940 29.359270497691064 -0.370151276822698 -6.204178775810529 0.000000000000000 0.000000000000000 0.000000000000000 0.000000000000000
1686284160.640182 29.882495651383834 -0.272975034463304 -6.108533847258530 0.000000000000000 0.000000000000000 0.000000000000000 0.000000000000000
1686284163.445145 29.406431194490388 -0.466010126352977 -6.116310732901998 0.000000000000000 0.000000000000000 0.000000000000000 0.000000000000000
1686284164.038934 28.898636168475079 -0.600671539577501 -6.121099720565455 0.000000000000000 0.000000000000000 0.000000000000000 0.000000000000000
1686284164.566400 28.405945344971506 -0.692822682128293 -6.126307505458915 0.000000000000000 0.000000000000000 0.000000000000000 0.000000000000000
1686284165.095134 27.896447350201008 -0.795013077442492 -6.130688501831699 0.000000000000000 0.000000000000000 0.000000000000000 0.000000000000000
1686284165.624117 27.401370459009872 -0.897350895090662 -6.105324995119256 0.000000000000000 0.000000000000000 0.000000000000000 0.000000000000000
1686284166.152644 26.899607465602916 -0.997457638194353 -6.071513856773041 0.000000000000000 0.000000000000000 0.000000000000000 0.000000000000000
1686284166.711387 26.395614401272475 -1.154426783334785 -6.074702305044320 0.000000000000000 0.000000000000000 0.000000000000000 0.000000000000000
1686284167.272641 25.896691013852230 -1.282168105849250 -6.103020959350730 0.000000000000000 0.000000000000000 0.000000000000000 0.000000000000000
1686284167.800873 25.394106997364631 -1.425137734258414 -6.139023843391148 0.000000000000000 0.000000000000000 0.000000000000000 0.000000000000000
1686284168.360886 24.879615375327973 -1.518879539282825 -6.182498054723061 0.000000000000000 0.000000000000000 0.000000000000000 0.000000000000000
1686284168.923370 24.356385272403841 -1.597301182513023 -6.220678798373577 0.000000000000000 0.000000000000000 0.000000000000000 0.000000000000000
1686284169.482470 23.832351537168464 -1.658604649036585 -6.226373653054885 0.000000000000000 0.000000000000000 0.000000000000000 0.000000000000000
1686284170.045006 23.316343244964521 -1.726693764352557 -6.229044961332846 0.000000000000000 0.000000000000000 0.000000000000000 0.000000000000000
1686284170.605299 22.801295807721068 -1.786407405157840 -6.230066925716279 0.000000000000000 0.000000000000000 0.000000000000000 0.000000000000000
1686284171.198937 22.284637351369668 -1.842729361187430 -6.235186552266107 0.000000000000000 0.000000000000000 0.000000000000000 0.000000000000000
1686284171.760284 21.786137403986128 -1.906576215968460 -6.240933486470948 0.000000000000000 0.000000000000000 0.000000000000000 0.000000000000000
1686284172.355778 21.261215216046807 -1.955320257098832 -6.244638659870750 0.000000000000000 0.000000000000000 0.000000000000000 0.000000000000000
1686284172.914550 20.762070802464958 -1.993869641956158 -6.248974368963213 0.000000000000000 0.000000000000000 0.000000000000000 0.000000000000000
1686284173.476460 20.257017825711880 -2.042954287106989 -6.251591586670763 0.000000000000000 0.000000000000000 0.000000000000000 0.000000000000000
1686284174.070218 19.735253030208181 -2.093810495035064 -6.252949899614536 0.000000000000000 0.000000000000000 0.000000000000000 0.000000000000000
1686284174.664362 19.212845992641949 -2.140926857356824 -6.256532644153678 0.000000000000000 0.000000000000000 0.000000000000000 0.000000000000000
1686284175.225126 18.689411092226006 -2.188207087701882 -6.247734644875687 0.000000000000000 0.000000000000000 0.000000000000000 0.000000000000000
1686284175.786396 18.200233695387539 -2.245770395444521 -6.175373490244968 0.000000000000000 0.000000000000000 0.000000000000000 0.000000000000000
1686284176.346391 17.683810268282990 -2.337225435240997 -6.206857533036749 0.000000000000000 0.000000000000000 0.000000000000000 0.000000000000000
1686284176.875562 17.168918079115016 -2.421807856017621 -6.258773973814298 0.000000000000000 0.000000000000000 0.000000000000000 0.000000000000000
1686284177.403095 16.662714829667262 -2.465578384049808 -6.310270406814607 0.000000000000000 0.000000000000000 0.000000000000000 0.000000000000000
1686284177.930556 16.131132825434722 -2.471914778694180 -6.363189694875156 0.000000000000000 0.000000000000000 0.000000000000000 0.000000000000000
1686284178.426777 15.616283295668397 -2.457179841059896 -6.415726262815025 0.000000000000000 0.000000000000000 0.000000000000000 0.000000000000000
1686284178.920567 15.111730257413864 -2.425068864149675 -6.468643291374855 0.000000000000000 0.000000000000000 0.000000000000000 0.000000000000000
1686284179.417332 14.604485393112459 -2.362444071482769 -6.524649317433821 0.000000000000000 0.000000000000000 0.000000000000000 0.000000000000000
1686284179.911078 14.087093638281683 -2.264109734978585 -6.580945805603204 0.000000000000000 0.000000000000000 0.000000000000000 0.000000000000000
1686284180.406350 13.567901781119922 -2.138283869341933 -6.637005315761456 0.000000000000000 0.000000000000000 0.000000000000000 0.000000000000000
1686284180.901344 13.077049822269011 -2.001468058581809 -6.689378416061245 0.000000000000000 0.000000000000000 0.000000000000000 0.000000000000000
1686284181.428853 12.596652536964482 -1.832899594547467 -6.684079584332047 0.000000000000000 0.000000000000000 0.000000000000000 0.000000000000000
1686284181.957590 12.128520720120871 -1.667517548647040 -6.586088045519515 0.000000000000000 0.000000000000000 0.000000000000000 0.000000000000000
1686284182.485101 11.650179728416989 -1.565660130939464 -6.485571567364555 0.000000000000000 0.000000000000000 0.000000000000000 0.000000000000000
1686284183.046591 11.136917860695446 -1.501896167238736 -6.427241834335828 0.000000000000000 0.000000000000000 0.000000000000000 0.000000000000000
1686284183.606647 10.622487797889553 -1.471896124547450 -6.376054285129235 0.000000000000000 0.000000000000000 0.000000000000000 0.000000000000000
1686284184.169112 10.117810861952409 -1.457442026767690 -6.324794459440493 0.000000000000000 0.000000000000000 0.000000000000000 0.000000000000000
1686284184.762827 9.596309559717080 -1.471812904414044 -6.294393844443404 0.000000000000000 0.000000000000000 0.000000000000000 0.000000000000000
1686284185.322852 9.077505383363283 -1.492161510101292 -6.345369363622704 0.000000000000000 0.000000000000000 0.000000000000000 0.000000000000000
1686284185.884686 8.573947667860475 -1.500214538334107 -6.362101890308568 0.000000000000000 0.000000000000000 0.000000000000000 0.000000000000000
1686284186.444706 8.047369186301284 -1.496059322295850 -6.365373225460658 0.000000000000000 0.000000000000000 0.000000000000000 0.000000000000000
1686284186.973461 7.547021526732793 -1.490854051454244 -6.368008266218999 0.000000000000000 0.000000000000000 0.000000000000000 0.000000000000000
1686284187.534219 7.019495824696076 -1.501090189430577 -6.371473526086242 0.000000000000000 0.000000000000000 0.000000000000000 0.000000000000000
1686284188.062943 6.507629650421825 -1.494940787288379 -6.374768708573374 0.000000000000000 0.000000000000000 0.000000000000000 0.000000000000000
1686284188.590408 5.983501052699012 -1.482816176829159 -6.377962342912842 0.000000000000000 0.000000000000000 0.000000000000000 0.000000000000000
1686284189.119708 5.464291649072532 -1.485231290902207 -6.382835507134798 0.000000000000000 0.000000000000000 0.000000000000000 0.000000000000000
1686284189.648471 4.941118046578979 -1.467199648960336 -6.385770210777022 0.000000000000000 0.000000000000000 0.000000000000000 0.000000000000000
1686284190.143209 4.436711840641408 -1.454525256064491 -6.389446197669510 0.000000000000000 0.000000000000000 0.000000000000000 0.000000000000000
1686284190.669769 3.916540318071394 -1.441561537249465 -6.394116561891443 0.000000000000000 0.000000000000000 0.000000000000000 0.000000000000000
1686284191.197224 3.387009734731985 -1.407050590144015 -6.399856091805963 0.000000000000000 0.000000000000000 0.000000000000000 0.000000000000000
1686284191.724720 2.863351843762019 -1.387685576779242 -6.403468312591355 0.000000000000000 0.000000000000000 0.000000000000000 0.000000000000000
1686284192.220381 2.359393056089869 -1.373663010102992 -6.404493931292440 0.000000000000000 0.000000000000000 0.000000000000000 0.000000000000000
1686284192.715384 1.854702607027318 -1.347479180696086 -6.407772675200549 0.000000000000000 0.000000000000000 0.000000000000000 0.000000000000000
1686284193.242393 1.345108760815036 -1.326003875835401 -6.415300778168805 0.000000000000000 0.000000000000000 0.000000000000000 0.000000000000000
1686284193.836837 0.833100661918164 -1.304925326069617 -6.420827188994168 0.000000000000000 0.000000000000000 0.000000000000000 0.000000000000000
1686284194.497314 0.324468076931017 -1.266750882386411 -6.424064425060996 0.000000000000000 0.000000000000000 0.000000000000000 0.000000000000000
